Timestamp,Open,High,Low,Close,Volume,Symbol,hourly_return,fast_close,slow_close,crossover_long,crossover_short,crossover_signal,fast_vol,slow_vol,vol_trend_long,vol_trend_short,vol_trend_signal,bollinger_mid_band,bollinger_std,bollinger_upper_band,bollinger_lower_band,bollinger_long,bollinger_short,bollinger_signal
2019-08-26 17:00:00+00:00,10324.6,10333.9,10292.7,10300.0,134.4717654,BTC/USD,,10300.0,10300.0,0.0,0.0,0.0,,,0.0,0.0,0.0,,,,,0.0,0.0,0.0
2019-08-26 18:00:00+00:00,10300.0,10305.0,10261.0,10290.9,131.7906259,BTC/USD,-0.0008834951456311302,10293.933333333332,10295.292372122029,0.0,-1.0,-1.0,,,0.0,0.0,0.0,,,,,0.0,0.0,0.0
2019-08-26 19:00:00+00:00,10290.9,10325.1,10290.0,10310.0,78.29489035,BTC/USD,0.0018560087067214237,10303.114285714284,10300.538382305182,1.0,0.0,1.0,0.0019371217510851613,0.0019371217510851613,0.0,0.0,0.0,,,,,0.0,0.0,0.0
2019-08-26 20:00:00+00:00,10311.5,10312.8,10147.5,10262.6,354.9301898,BTC/USD,-0.0045974781765275585,10281.506666666664,10290.046097030818,0.0,-1.0,-1.0,0.0037955066768266014,0.0032996965584279306,0.0,-1.0,-1.0,,,,,0.0,0.0,0.0
2019-08-26 21:00:00+00:00,10265.4,10308.1,10189.7,10274.6,570.0393347,BTC/USD,0.0011692943308714288,10277.94193548387,10286.514506525662,0.0,-1.0,-1.0,0.003282858569510355,0.002937625713027535,0.0,-1.0,-1.0,,,,,0.0,0.0,0.0
2019-08-26 22:00:00+00:00,10274.6,10345.1,10274.6,10303.0,176.1307507,BTC/USD,0.0027640978724232657,10290.66984126984,10289.75917078699,1.0,0.0,1.0,0.0029897577179560848,0.0029606817590276738,0.0,-1.0,-1.0,,,,,0.0,0.0,0.0
2019-08-26 23:00:00+00:00,10303.0,10400.0,10302.9,10364.6,210.1685255,BTC/USD,0.00597884111423852,10327.92598425197,10302.796382274531,1.0,0.0,1.0,0.0035957215523889346,0.0036341438659227574,1.0,0.0,1.0,,,,,0.0,0.0,0.0
2019-08-27 00:00:00+00:00,10364.4,10387.9,10312.3,10340.6,131.6523375,BTC/USD,-0.002315574165910883,10334.287843137256,10308.743969015426,1.0,0.0,1.0,0.004446243495128665,0.0035795165567209237,0.0,-1.0,-1.0,,,,,0.0,0.0,0.0
2019-08-27 01:00:00+00:00,10340.6,10354.5,10292.2,10308.1,52.73372349,BTC/USD,-0.0031429510860104815,10321.168297455968,10308.651050580615,1.0,0.0,1.0,0.0038975941641756005,0.0035770555311697553,0.0,-1.0,-1.0,,,,,0.0,0.0,0.0
2019-08-27 02:00:00+00:00,10308.1,10317.9,10199.9,10228.7,263.6709694,BTC/USD,-0.007702680416371566,10274.888954056696,10297.942885218867,0.0,-1.0,-1.0,0.004812965175765884,0.004383330909711289,0.0,-1.0,-1.0,,,,,0.0,0.0,0.0
2019-08-27 03:00:00+00:00,10228.7,10228.7,10091.2,10177.2,494.2852579,BTC/USD,-0.005034852913859966,10226.020615534931,10282.7862969604,0.0,-1.0,-1.0,0.0034164554535829673,0.004300890405067156,1.0,0.0,1.0,,,,,0.0,0.0,0.0
2019-08-27 04:00:00+00:00,10177.2,10178.0,10143.6,10156.0,52.88622308,BTC/USD,-0.00208308768620058,10191.001758241759,10267.751539766943,0.0,-1.0,-1.0,0.0029191859212180336,0.00400631213284712,1.0,0.0,1.0,,,,,0.0,0.0,0.0
2019-08-27 05:00:00+00:00,10158.4,10252.2,10154.4,10229.6,113.3048731,BTC/USD,0.00724694761717215,10210.303235258212,10263.449456599412,0.0,-1.0,-1.0,0.006852057115038939,0.004806178944918532,0.0,-1.0,-1.0,,,,,0.0,0.0,0.0
2019-08-27 06:00:00+00:00,10226.4,10226.4,10191.8,10200.1,55.90689143,BTC/USD,-0.0028837882224134193,10205.20130623207,10256.618797039328,0.0,-1.0,-1.0,0.005665921165521496,0.004575256612436053,0.0,-1.0,-1.0,,,,,0.0,0.0,0.0
2019-08-27 07:00:00+00:00,10200.1,10216.2,10119.2,10170.0,94.46293055,BTC/USD,-0.0029509514612602317,10187.600115970336,10247.645740904456,0.0,-1.0,-1.0,0.004281296320418835,0.004362639411777354,1.0,0.0,1.0,,,,,0.0,0.0,0.0
2019-08-27 08:00:00+00:00,10170.0,10211.5,10141.5,10186.0,84.72542642,BTC/USD,0.0015732546705997663,10186.800045777065,10241.48533346366,0.0,-1.0,-1.0,0.003636868346856594,0.004205153546718766,1.0,0.0,1.0,,,,,0.0,0.0,0.0
2019-08-27 09:00:00+00:00,10186.0,10189.5,10115.5,10144.0,71.03971329,BTC/USD,-0.004123306499116408,10165.39985961807,10232.054287391684,0.0,-1.0,-1.0,0.003573094018725017,0.004113030019203756,1.0,0.0,1.0,,,,,0.0,0.0,0.0
2019-08-27 10:00:00+00:00,10144.0,10170.7,10087.5,10142.1,189.66218369999999,BTC/USD,-0.00018730283911672085,10153.74988536791,10223.603452965777,0.0,-1.0,-1.0,0.0027842918396764208,0.003912827125408962,1.0,0.0,1.0,,,,,0.0,0.0,0.0
2019-08-27 11:00:00+00:00,10142.1,10161.3,10072.7,10107.0,145.9332781,BTC/USD,-0.0034608217233117466,10130.374898099704,10212.936813179964,0.0,-1.0,-1.0,0.002427231198594818,0.003789487615715285,1.0,0.0,1.0,,,,,0.0,0.0,0.0
2019-08-27 12:00:00+00:00,10107.1,10115.0,10033.0,10114.9,218.0079296,BTC/USD,0.0007816364895616434,10122.637441670839,10204.183170382727,0.0,-1.0,-1.0,0.0025516369152623424,0.0036582888799441883,1.0,0.0,1.0,10230.5,78.81656919041419,10309.316569190414,10151.683430809586,1.0,0.0,1.0
2019-08-27 13:00:00+00:00,10114.9,10202.0,10108.2,10179.1,218.205186,BTC/USD,0.006347072141098753,10150.868734297148,10201.99241335317,0.0,-1.0,-1.0,0.00471137346079195,0.004113577694161362,0.0,-1.0,-1.0,10224.455,77.83580880018464,10302.290808800184,10146.619191199816,0.0,0.0,0.0
2019-08-27 14:00:00+00:00,10179.1,10204.4,10140.8,10160.0,121.1189642,BTC/USD,-0.0018763937872700032,10155.434368237107,10198.398035035463,0.0,-1.0,-1.0,0.0043905078951289945,0.003948422243425517,0.0,-1.0,-1.0,10217.91,77.45715895696239,10295.367158956962,10140.452841043038,0.0,0.0,0.0
2019-08-27 15:00:00+00:00,10159.7,10184.8,10093.7,10177.6,137.12064019999997,BTC/USD,0.0017322834645669971,10166.517185439727,10196.65036569471,0.0,-1.0,-1.0,0.0032010406531958508,0.003828544159194577,1.0,0.0,1.0,10211.29,74.78406036188738,10286.074060361889,10136.505939638113,0.0,0.0,0.0
2019-08-27 16:00:00+00:00,10177.6,10235.1,10153.5,10178.0,158.69046640000002,BTC/USD,3.9301996541452056e-05,10172.258593062079,10195.10945933535,0.0,-1.0,-1.0,0.002354060707580889,0.003662713094043937,1.0,0.0,1.0,10207.060000000001,74.11871984579072,10281.178719845791,10132.941280154211,0.0,0.0,0.0
2019-08-27 17:00:00+00:00,10178.0,10184.2,10150.5,10178.4,67.54886607,BTC/USD,3.9300451955215365e-05,10175.329296622553,10193.750189622828,0.0,-1.0,-1.0,0.0016956913808056256,0.003506901030373246,1.0,0.0,1.0,10202.25,72.61112354975461,10274.861123549754,10129.638876450246,0.0,0.0,0.0
2019-08-27 18:00:00+00:00,10181.2,10212.1,10163.8,10180.0,92.7901879,BTC/USD,0.00015719562996152625,10177.664648346077,10192.647505506096,0.0,-1.0,-1.0,0.001202369717935762,0.0033612311135211314,1.0,0.0,1.0,10196.1,68.73411012544396,10264.834110125445,10127.365889874556,0.0,0.0,0.0
2019-08-27 19:00:00+00:00,10180.0,10182.4,10115.0,10155.2,123.5715824,BTC/USD,-0.0024361493123771227,10166.432324089352,10189.68363974055,0.0,-1.0,-1.0,0.0018409252254430733,0.0032784898280175433,1.0,0.0,1.0,10185.630000000001,56.59241254704123,10242.222412547042,10129.03758745296,0.0,0.0,0.0
2019-08-27 20:00:00+00:00,10156.6,10182.0,10131.1,10144.9,125.19807390000001,BTC/USD,-0.0010142587049000173,10155.666162004567,10186.181792603276,0.0,-1.0,-1.0,0.0013028630581043653,0.0031484721397595245,1.0,0.0,1.0,10175.845,43.87759858851068,10219.72259858851,10131.967401411488,0.0,0.0,0.0
2019-08-27 21:00:00+00:00,10144.9,10151.8,10101.1,10130.9,105.7007543,BTC/USD,-0.0013800037457244452,10143.283080979218,10181.907040612296,0.0,-1.0,-1.0,0.0009420528200865938,0.003031560557447241,1.0,0.0,1.0,10166.984999999999,32.067614011971266,10199.05261401197,10134.917385988028,1.0,0.0,1.0
2019-08-27 22:00:00+00:00,10130.9,10151.6,10103.3,10125.1,107.7419146,BTC/USD,-0.0005725058977977815,10134.19154048114,10177.559386247207,0.0,-1.0,-1.0,0.0007749911841572551,0.002910632069167804,1.0,0.0,1.0,10161.804999999998,29.865725382640527,10191.670725382639,10131.939274617358,1.0,0.0,1.0
2019-08-27 23:00:00+00:00,10125.1,10207.4,10125.1,10177.3,110.3349027,BTC/USD,0.005155504636991104,10155.745770250607,10177.539722568583,0.0,-1.0,-1.0,0.0037460160153011397,0.0031971841285608647,0.0,-1.0,-1.0,10161.809999999998,29.868446649648106,10191.678446649647,10131.941553350349,0.0,0.0,0.0
2019-08-28 00:00:00+00:00,10177.3,10180.0,10125.3,10139.2,71.78978331,BTC/USD,-0.0037436255195384405,10147.47288512338,10174.658718588098,0.0,-1.0,-1.0,0.004466849222626527,0.0032259632129034983,0.0,-1.0,-1.0,10160.969999999998,30.273926596638525,10191.243926596637,10130.696073403358,0.0,0.0,0.0
2019-08-28 01:00:00+00:00,10139.2,10154.5,10086.9,10086.9,68.0352019,BTC/USD,-0.005158197885434812,10117.186442558163,10168.117655462922,0.0,-1.0,-1.0,0.0041323724760168835,0.003357385608924631,0.0,-1.0,-1.0,10153.834999999997,30.062938803007324,10183.897938803004,10123.77206119699,1.0,0.0,1.0
2019-08-28 02:00:00+00:00,10086.9,10127.1,10073.4,10114.7,119.75260949999999,BTC/USD,0.002756049926141868,10115.943221279009,10164.166094474052,0.0,-1.0,-1.0,0.004570295085506663,0.003362699270425192,0.0,-1.0,-1.0,10149.564999999999,29.198292578048765,10178.763292578047,10120.36670742195,1.0,0.0,1.0
2019-08-28 03:00:00+00:00,10114.7,10128.4,10063.0,10077.9,110.94299769999999,BTC/USD,-0.0036382690539512597,10096.921610638952,10157.828985614346,0.0,-1.0,-1.0,0.0038863159020891373,0.003343125975949298,0.0,-1.0,-1.0,10144.959999999997,32.84126736447437,10177.801267364472,10112.118732635523,1.0,0.0,1.0
2019-08-28 04:00:00+00:00,10077.8,10110.0,10068.7,10069.6,64.96904899,BTC/USD,-0.0008235842784706238,10083.260805319278,10151.38949441427,0.0,-1.0,-1.0,0.0028225660273172573,0.00321722243663941,1.0,0.0,1.0,10139.139999999998,35.39984240226011,10174.539842402257,10103.740157597738,1.0,0.0,1.0
2019-08-28 05:00:00+00:00,10069.1,10156.0,10016.3,10131.0,185.0507709,BTC/USD,0.0060975609756097615,10107.130402659814,10149.910248104912,0.0,-1.0,-1.0,0.004978094242564102,0.003587965092302696,0.0,-1.0,-1.0,10138.489999999998,35.42524969268475,10173.915249692684,10103.064750307312,0.0,0.0,0.0
2019-08-28 06:00:00+00:00,10131.0,10209.8,10111.7,10184.3,137.6233683,BTC/USD,0.005261079853913664,10145.715201330046,10152.391354595109,0.0,-1.0,-1.0,0.00393910437061816,0.0037477624980421483,0.0,-1.0,-1.0,10140.599999999997,36.87853462095621,10177.478534620954,10103.72146537904,0.0,-1.0,-1.0
2019-08-28 07:00:00+00:00,10184.3,10196.1,10136.4,10152.0,54.92092487,BTC/USD,-0.003171548363657739,10148.85760066503,10152.363265153765,0.0,-1.0,-1.0,0.005106455087391446,0.0037156348306671815,0.0,-1.0,-1.0,10142.849999999997,36.084878010771085,10178.934878010768,10106.765121989225,0.0,0.0,0.0
2019-08-28 08:00:00+00:00,10155.6,10161.2,10110.2,10115.6,52.13725953,BTC/USD,-0.0035855003940109542,10132.2288003325,10149.7372108725,0.0,-1.0,-1.0,0.004332035234497508,0.003696931935868271,0.0,-1.0,-1.0,10142.884999999998,36.056669942855486,10178.941669942855,10106.828330057142,0.0,0.0,0.0
2019-08-28 09:00:00+00:00,10115.6,10150.0,10066.1,10146.6,87.74554092,BTC/USD,0.003064573529993231,10139.414400166253,10149.514111291084,0.0,-1.0,-1.0,0.004201467815699051,0.0036712713699282983,0.0,-1.0,-1.0,10141.259999999998,35.057132317338485,10176.317132317337,10106.20286768266,0.0,0.0,0.0
2019-08-28 10:00:00+00:00,10146.6,10146.6,10105.6,10126.4,48.58127511,BTC/USD,-0.001990814657126583,10132.907200083126,10147.87716301436,0.0,-1.0,-1.0,0.003402215042665822,0.003573003053516492,1.0,0.0,1.0,10139.579999999998,34.916616463551286,10174.49661646355,10104.663383536446,0.0,0.0,0.0
2019-08-28 11:00:00+00:00,10126.4,10147.1,10105.0,10139.6,43.60015965,BTC/USD,0.0013035234634224402,10136.253600041564,10147.293221948075,0.0,-1.0,-1.0,0.0026832368472514837,0.003466490784425321,1.0,0.0,1.0,10137.679999999997,33.75337176139202,10171.433371761388,10103.926628238605,0.0,0.0,0.0
2019-08-28 12:00:00+00:00,10139.6,10200.0,10131.9,10153.8,88.63693214,BTC/USD,0.0014004497218824685,10145.026800020782,10147.750626918025,0.0,-1.0,-1.0,0.002006737486342114,0.0033646396655684957,1.0,0.0,1.0,10136.469999999998,32.64754524502404,10169.11754524502,10103.822454754974,0.0,0.0,0.0
2019-08-28 13:00:00+00:00,10153.8,10297.7,10153.8,10171.3,425.9739504,BTC/USD,0.0017234926825424601,10158.163400010391,10149.400576126634,1.0,0.0,1.0,0.0015128434812668363,0.003274818605443963,1.0,0.0,1.0,10136.114999999996,32.20319165286498,10168.318191652861,10103.911808347131,0.0,-1.0,-1.0
2019-08-28 14:00:00+00:00,10171.7,10235.5,10155.7,10211.1,131.3705963,BTC/USD,0.0039129708100242855,10184.631700005197,10153.71010370911,1.0,0.0,1.0,0.0019272231786326614,0.0033083469044896847,1.0,0.0,1.0,10137.669999999996,35.058118663301244,10172.728118663297,10102.611881336696,0.0,-1.0,-1.0
2019-08-28 15:00:00+00:00,10210.8,10259.0,10194.7,10240.0,152.6858488,BTC/USD,0.0028302533517445827,10212.315850002598,10159.719896252926,1.0,0.0,1.0,0.0013697735545066718,0.0032529894286745403,1.0,0.0,1.0,10141.909999999996,41.77441800910694,10183.684418009103,10100.13558199089,0.0,-1.0,-1.0
2019-08-28 16:00:00+00:00,10240.0,10259.3,10202.5,10229.9,92.72971022,BTC/USD,-0.0009863281249999911,10221.107925001299,10164.594635509668,1.0,0.0,1.0,0.0024660849954984236,0.003162738362545346,1.0,0.0,1.0,10146.159999999996,46.185545699694465,10192.34554569969,10099.974454300302,0.0,-1.0,-1.0
2019-08-28 17:00:00+00:00,10230.1,10269.0,10182.8,10196.0,170.866145,BTC/USD,-0.0033138153843145224,10208.55396250065,10166.770639550059,1.0,0.0,1.0,0.003096857883660008,0.0032025773068260293,1.0,0.0,1.0,10149.414999999997,47.33322272657811,10196.748222726575,10102.081777273419,0.0,0.0,0.0
2019-08-28 18:00:00+00:00,10195.9,10195.9,9533.0,9702.2,2693.013495,BTC/USD,-0.04843075715967038,9955.376981250325,10134.656155988254,0.0,-1.0,-1.0,0.028990816095580383,0.012955125782692404,0.0,-1.0,-1.0,10128.269999999997,110.74771281943612,10239.017712819434,10017.52228718056,1.0,0.0,1.0
2019-08-28 19:00:00+00:00,9702.2,9739.5,9611.9,9672.8,441.4861154,BTC/USD,-0.003030240563995923,9814.088490625161,10102.798137690253,0.0,-1.0,-1.0,0.024462288326036547,0.012498315880521008,0.0,-1.0,-1.0,10103.044999999996,149.6239196856724,10252.66891968567,9953.421080314323,1.0,0.0,1.0
2019-08-28 20:00:00+00:00,9675.9,9700.0,9638.1,9666.6,232.45632149999997,BTC/USD,-0.0006409726242658786,9740.34424531258,10072.77035637638,0.0,-1.0,-1.0,0.01911582463346666,0.012076276237828329,0.0,-1.0,-1.0,10079.414999999997,178.20280367278528,10257.617803672783,9901.212196327211,1.0,0.0,1.0
2019-08-28 21:00:00+00:00,9666.6,9735.6,9631.8,9715.4,773.3038027000001,BTC/USD,0.005048310678004597,9727.87212265629,10048.21504807098,0.0,-1.0,-1.0,0.015483799800762135,0.0118356669326475,0.0,-1.0,-1.0,10060.839999999997,195.86768197460316,10256.7076819746,9864.972318025393,1.0,0.0,1.0
2019-08-28 22:00:00+00:00,9720.8,9735.0,9678.7,9732.7,192.1816862,BTC/USD,0.0017806780986888704,9730.286061328145,10026.573408686845,0.0,-1.0,-1.0,0.011091688858333327,0.011472763583983147,1.0,0.0,1.0,10041.739999999996,208.55361395750427,10250.293613957501,9833.186386042491,1.0,0.0,1.0
2019-08-28 23:00:00+00:00,9732.7,9745.9,9700.0,9716.1,179.66947290000002,BTC/USD,-0.001705590432254156,9723.193030664072,10005.312120772818,0.0,-1.0,-1.0,0.007941565041612798,0.011072194786623586,1.0,0.0,1.0,10023.649999999998,220.59566369741725,10244.245663697415,9803.05433630258,1.0,0.0,1.0
2019-08-29 00:00:00+00:00,9716.1,9716.1,9642.1,9687.3,180.43014509999998,BTC/USD,-0.0029641522833236955,9705.246515332035,9983.567484457837,0.0,-1.0,-1.0,0.0057860536823887716,0.01068791768750297,1.0,0.0,1.0,10004.534999999996,232.63917684960492,10237.174176849601,9771.895823150391,1.0,0.0,1.0
2019-08-29 01:00:00+00:00,9687.4,9702.6,9667.1,9690.1,146.92602409999998,BTC/USD,0.00028903822530534917,9697.673257666018,9963.529379298398,0.0,-1.0,-1.0,0.004291411889888456,0.010334975293023163,1.0,0.0,1.0,9982.489999999996,240.77234038555017,10223.262340385547,9741.717659614445,1.0,0.0,1.0
2019-08-29 02:00:00+00:00,9690.1,9714.5,9651.6,9670.9,116.8142189,BTC/USD,-0.0019814037006842256,9684.286628833008,9943.574710566676,0.0,-1.0,-1.0,0.0031240915746099497,0.009975386356668468,1.0,0.0,1.0,9956.819999999996,245.4466553684876,10202.266655368483,9711.37334463151,1.0,0.0,1.0
2019-08-29 03:00:00+00:00,9670.9,9670.9,9530.0,9587.4,528.473516,BTC/USD,-0.00863414987229727,9635.843314416503,9919.316516830158,0.0,-1.0,-1.0,0.004964015457421433,0.009777879292786508,1.0,0.0,1.0,9928.589999999997,254.13158609789045,10182.721586097887,9674.458413902106,1.0,0.0,1.0
2019-08-29 04:00:00+00:00,9587.4,9614.9,9555.7,9605.2,235.60413419999998,BTC/USD,0.0018566034587064184,9620.521657208252,9897.94717746153,0.0,-1.0,-1.0,0.00547483166333054,0.009503382163510229,1.0,0.0,1.0,9903.069999999996,259.9248213173182,10162.994821317314,9643.145178682678,1.0,0.0,1.0
2019-08-29 05:00:00+00:00,9605.2,9627.3,9581.0,9588.0,98.67432045,BTC/USD,-0.0017906967059510004,9604.260828604125,9876.883867785973,0.0,-1.0,-1.0,0.0038735652654007,0.009174555795171095,1.0,0.0,1.0,9875.139999999996,262.3795852135596,10137.519585213555,9612.760414786437,1.0,0.0,1.0
2019-08-29 06:00:00+00:00,9588.0,9588.0,9376.9,9532.3,471.12852819999995,BTC/USD,-0.005809345014601619,9568.280414302062,9853.489904053402,0.0,-1.0,-1.0,0.0037268441921330625,0.008906745502094972,1.0,0.0,1.0,9845.434999999996,266.04093724363355,10111.47593724363,9579.394062756362,1.0,0.0,1.0
2019-08-29 07:00:00+00:00,9532.3,9549.1,9307.8,9390.0,591.4954457,BTC/USD,-0.014928191517262324,9479.140207151031,9822.052384213152,0.0,-1.0,-1.0,0.007337342830089237,0.009179000762413214,1.0,0.0,1.0,9807.954999999996,275.06657658215875,10083.021576582156,9532.888423417837,1.0,0.0,1.0
2019-08-29 08:00:00+00:00,9390.0,9465.1,9389.9,9406.6,257.8358023,BTC/USD,0.0017678381256656106,9442.870103575515,9793.897382425372,0.0,-1.0,-1.0,0.008553504794166326,0.008954274035211885,1.0,0.0,1.0,9770.594999999998,276.36098527868825,10046.955985278686,9494.234014721309,1.0,0.0,1.0
2019-08-29 09:00:00+00:00,9407.1,9491.3,9407.1,9480.5,113.0841683,BTC/USD,0.00785618608211247,9461.685051787757,9772.6756277858,0.0,-1.0,-1.0,0.009348613540776207,0.009073099083805764,0.0,-1.0,-1.0,9736.054999999997,266.64216801390285,10002.6971680139,9469.412831986094,0.0,0.0,0.0
2019-08-29 10:00:00+00:00,9480.5,9480.6,9438.0,9452.4,86.39908482,BTC/USD,-0.002963978693106939,9457.042525893878,9751.004325114694,0.0,-1.0,-1.0,0.007285084430116,0.008762605240559522,1.0,0.0,1.0,9698.119999999997,248.87895937794497,9946.998959377943,9449.241040622052,0.0,0.0,0.0
2019-08-29 11:00:00+00:00,9452.4,9494.8,9437.0,9450.0,140.1223776,BTC/USD,-0.0002539037704709646,9453.521262946939,9730.651203174382,0.0,-1.0,-1.0,0.005152940361706789,0.008475745585468267,1.0,0.0,1.0,9658.619999999997,219.2809531652225,9877.90095316522,9439.339046834775,0.0,0.0,0.0
2019-08-29 12:00:00+00:00,9450.0,9484.2,9375.0,9451.4,309.2378046,BTC/USD,0.00014814814814800847,9452.46063147347,9711.781242576344,0.0,-1.0,-1.0,0.0036568901620632915,0.008203995569329605,1.0,0.0,1.0,9619.694999999996,177.6861173234119,9797.381117323408,9442.008882676584,0.0,0.0,0.0
2019-08-29 13:00:00+00:00,9455.0,9489.8,9445.2,9450.5,229.5729043,BTC/USD,-9.522398798056386e-05,9451.480315736735,9694.136274010207,0.0,-1.0,-1.0,0.002585819376136837,0.00793581017058201,1.0,0.0,1.0,9582.419999999996,118.895299362598,9701.315299362594,9463.5247006374,1.0,0.0,1.0
2019-08-29 14:00:00+00:00,9450.5,9450.6,9356.5,9414.2,236.8219946,BTC/USD,-0.003841066610232202,9432.840157868368,9675.242168983894,0.0,-1.0,-1.0,0.0029309834121311437,0.007680432629919556,1.0,0.0,1.0,9568.019999999997,121.04572254881147,9689.065722548808,9446.974277451185,1.0,0.0,1.0
2019-08-29 15:00:00+00:00,9403.8,9627.5,9403.8,9502.0,572.2078557,BTC/USD,0.009326336810350222,9467.420078934185,9663.555471103897,0.0,-1.0,-1.0,0.007221767993411734,0.007956445958730247,1.0,0.0,1.0,9559.479999999998,119.27642198733437,9678.756421987333,9440.203578012663,0.0,0.0,0.0
2019-08-29 16:00:00+00:00,9502.0,9533.5,9471.4,9471.4,208.42061619999998,BTC/USD,-0.0032203746579667625,9469.410039467093,9650.599276682107,0.0,-1.0,-1.0,0.006627320632565313,0.00770068687197261,1.0,0.0,1.0,9549.719999999998,118.02958415938554,9667.749584159383,9431.690415840612,0.0,0.0,0.0
2019-08-29 17:00:00+00:00,9471.4,9557.2,9471.4,9532.7,230.73741859999998,BTC/USD,0.006472116054648813,9501.055019733547,9642.653493090205,0.0,-1.0,-1.0,0.006047989174601521,0.00769843719094917,1.0,0.0,1.0,9540.584999999997,111.41660215981042,9652.001602159808,9429.168397840187,0.0,0.0,0.0
2019-08-29 18:00:00+00:00,9532.7,9593.8,9473.9,9487.0,236.3621793,BTC/USD,-0.004794024777869943,9494.027509866773,9632.167760714097,0.0,-1.0,-1.0,0.006569899276987835,0.007503835702252069,1.0,0.0,1.0,9528.299999999997,102.29067972151748,9630.590679721516,9426.00932027848,0.0,0.0,0.0
2019-08-29 19:00:00+00:00,9487.0,9512.4,9435.9,9502.2,197.28897769999998,BTC/USD,0.001602192473911801,9498.113754933387,9623.415860708648,0.0,-1.0,-1.0,0.004858718524436961,0.0072786167241952445,1.0,0.0,1.0,9517.604999999998,92.31781190394496,9609.922811903944,9425.287188096052,0.0,0.0,0.0
2019-08-29 20:00:00+00:00,9502.2,9528.0,9478.8,9522.3,142.0253742,BTC/USD,0.0021152996148259273,9510.206877466693,9616.609351026895,0.0,-1.0,-1.0,0.0035855004869200847,0.0070709123947444085,1.0,0.0,1.0,9509.354999999998,83.28561811144722,9592.640618111445,9426.06938188855,0.0,0.0,0.0
2019-08-29 21:00:00+00:00,9528.0,9539.7,9483.6,9510.1,130.9904658,BTC/USD,-0.0012812030706865762,9510.153438733347,9609.442270795005,0.0,-1.0,-1.0,0.002980518736883828,0.006830359095764779,1.0,0.0,1.0,9500.354999999998,71.63694632619851,9571.991946326196,9428.7180536738,0.0,0.0,0.0
2019-08-29 22:00:00+00:00,9509.5,9516.0,9479.0,9482.9,81.26345529999999,BTC/USD,-0.00286011713862111,9496.526719366673,9600.929917670916,0.0,-1.0,-1.0,0.002739642652075565,0.0066188164431407945,1.0,0.0,1.0,9490.954999999998,59.363762426828536,9550.318762426827,9431.59123757317,0.0,0.0,0.0
2019-08-29 23:00:00+00:00,9482.9,9525.7,9436.8,9484.3,298.6038332,BTC/USD,0.00014763416254526263,9490.413359683336,9593.086724556553,0.0,-1.0,-1.0,0.0021650084017152873,0.00639753566204241,1.0,0.0,1.0,9485.799999999997,54.85302851108011,9540.653028511078,9430.946971488916,0.0,0.0,0.0
2019-08-30 00:00:00+00:00,9484.7,9539.6,9415.3,9450.3,172.86497649999998,BTC/USD,-0.0035848718408316715,9470.356679841669,9583.487226726344,0.0,-1.0,-1.0,0.002364762481167081,0.006219161172730106,1.0,0.0,1.0,9478.054999999997,47.55740547785087,9525.612405477848,9430.497594522145,0.0,0.0,0.0
2019-08-30 01:00:00+00:00,9450.3,9466.1,9350.5,9452.1,454.53966210000004,BTC/USD,0.0001904701438051326,9461.228339920835,9574.656431956651,0.0,-1.0,-1.0,0.0021877470312846596,0.006013950542246573,1.0,0.0,1.0,9471.259999999997,40.154142474842615,9511.41414247484,9431.105857525154,0.0,0.0,0.0
2019-08-30 02:00:00+00:00,9455.2,9476.9,9429.9,9432.9,94.25476513,BTC/USD,-0.0020312946329388293,9447.064169960417,9565.131035829017,0.0,-1.0,-1.0,0.0016799929618735024,0.005815285047349319,1.0,0.0,1.0,9466.289999999997,38.31059905555111,9504.600599055548,9427.979400944447,0.0,0.0,0.0
2019-08-30 03:00:00+00:00,9432.9,9475.0,9425.8,9466.5,104.1592663,BTC/USD,0.003562001081321764,9456.782084980208,9558.504986886157,0.0,-1.0,-1.0,0.0033175683655211553,0.005734835971986351,1.0,0.0,1.0,9470.114999999996,33.85231508829644,9503.967315088292,9436.2626849117,0.0,0.0,0.0
2019-08-30 04:00:00+00:00,9469.4,9490.1,9443.9,9482.3,48.96315608,BTC/USD,0.0016690434690751488,9469.541042490104,9553.386614537221,0.0,-1.0,-1.0,0.002378007261474652,0.005571085366176412,1.0,0.0,1.0,9473.899999999996,30.43664688626876,9504.336646886264,9443.463353113728,0.0,0.0,0.0
2019-08-30 05:00:00+00:00,9494.0,9511.8,9480.0,9499.3,132.4738442,BTC/USD,0.0017928139797307452,9484.42052124505,9549.754563545457,0.0,-1.0,-1.0,0.0017031383811961422,0.005412957804577125,1.0,0.0,1.0,9474.839999999995,30.93739688970275,9505.777396889698,9443.902603110291,0.0,0.0,0.0
2019-08-30 06:00:00+00:00,9499.3,9566.3,9478.1,9479.8,211.38705069999997,BTC/USD,-0.0020527828366300183,9482.110260622525,9545.057811396438,0.0,-1.0,-1.0,0.0025253008173133445,0.005245613963542545,1.0,0.0,1.0,9476.209999999995,30.494898624203742,9506.704898624199,9445.715101375792,0.0,0.0,0.0
2019-08-30 07:00:00+00:00,9479.8,9507.0,9471.5,9474.9,156.9366631,BTC/USD,-0.0005168885419523095,9478.505130311263,9540.348228082077,0.0,-1.0,-1.0,0.001793663330290032,0.005066433788225882,1.0,0.0,1.0,9477.454999999994,29.870412662478845,9507.325412662472,9447.584587337516,0.0,0.0,0.0
2019-08-30 08:00:00+00:00,9474.4,9567.0,9471.4,9521.9,111.24395290000001,BTC/USD,0.004960474516881419,9500.202565155632,9539.110027469163,0.0,-1.0,-1.0,0.003506927872764932,0.005086057653941285,1.0,0.0,1.0,9480.979999999994,30.779839608272397,9511.759839608267,9450.200160391722,0.0,-1.0,-1.0
2019-08-30 09:00:00+00:00,9521.9,9585.6,9508.7,9575.1,153.03686430000002,BTC/USD,0.005587120217603658,9537.651282577815,9541.525224013372,0.0,-1.0,-1.0,0.0031974470909003332,0.0051227673298763305,1.0,0.0,1.0,9487.209999999995,36.3852616199618,9523.595261619957,9450.824738380034,0.0,-1.0,-1.0
2019-08-30 10:00:00+00:00,9575.1,9624.8,9555.0,9568.5,211.18965260000002,BTC/USD,-0.0006892878403359504,9553.075641288908,9543.335179133757,1.0,0.0,1.0,0.0036255709905085682,0.00495383482277543,1.0,0.0,1.0,9494.924999999994,36.448260011829134,9531.373260011824,9458.476739988164,0.0,-1.0,-1.0
2019-08-30 11:00:00+00:00,9569.0,9601.6,9538.0,9575.8,137.47017209999998,BTC/USD,0.0007629199979097834,9564.437820644453,9545.513220177132,1.0,0.0,1.0,0.0026174388654299397,0.004786867423299429,1.0,0.0,1.0,9498.614999999994,40.691021575247376,9539.306021575241,9457.923978424747,0.0,-1.0,-1.0
2019-08-30 12:00:00+00:00,9575.8,9620.7,9561.6,9584.9,252.46321400000002,BTC/USD,0.0009503122454521673,9574.668910322227,9548.15532735403,1.0,0.0,1.0,0.001856809641263547,0.004627033116601301,1.0,0.0,1.0,9504.289999999994,44.43786791980768,9548.7278679198,9459.852132080186,0.0,-1.0,-1.0
2019-08-30 13:00:00+00:00,9584.9,9626.0,9571.3,9605.0,159.5227271,BTC/USD,0.002097048482508912,9589.834455161114,9551.968093716901,1.0,0.0,1.0,0.0014552713267800106,0.004492840981604444,1.0,0.0,1.0,9507.904999999993,49.52073967430053,9557.425739674294,9458.384260325693,0.0,-1.0,-1.0
2019-08-30 14:00:00+00:00,9605.0,9609.0,9559.7,9580.9,102.983745,BTC/USD,-0.0025091098386257338,9585.367227580557,9553.908449028148,1.0,0.0,1.0,0.00270984374773913,0.00440263461772331,1.0,0.0,1.0,9512.599999999993,51.83179272258679,9564.43179272258,9460.768207277406,0.0,-1.0,-1.0
2019-08-30 15:00:00+00:00,9580.9,9609.8,9550.0,9587.6,109.6443396,BTC/USD,0.0006993079982049455,9586.483613790278,9556.167791712947,1.0,0.0,1.0,0.002043917345341051,0.004254229350819232,1.0,0.0,1.0,9516.869999999992,54.38476082986304,9571.254760829856,9462.485239170128,0.0,-1.0,-1.0
2019-08-30 16:00:00+00:00,9587.6,9599.0,9532.1,9573.5,167.7499184,BTC/USD,-0.0014706495890525195,9579.99180689514,9557.329975420935,1.0,0.0,1.0,0.0017423681856662617,0.004132244420128565,1.0,0.0,1.0,9519.429999999993,55.839404121343044,9575.269404121336,9463.59059587865,0.0,0.0,0.0
2019-08-30 17:00:00+00:00,9573.5,9577.8,9515.0,9534.9,170.2770071,BTC/USD,-0.004031963231837965,9557.44590344757,9555.826098972278,1.0,0.0,1.0,0.0023960789178526396,0.004129520343430422,1.0,0.0,1.0,9520.669999999993,55.89664428300098,9576.566644282993,9464.773355716992,0.0,0.0,0.0
2019-08-30 18:00:00+00:00,9534.9,9549.7,9505.0,9508.5,151.6786502,BTC/USD,-0.0027687757606267294,9532.972951723785,9552.653252479658,0.0,-1.0,-1.0,0.0017132155010057355,0.004044031257848083,1.0,0.0,1.0,9521.949999999993,55.27587748352831,9577.22587748352,9466.674122516466,0.0,0.0,0.0
2019-08-30 19:00:00+00:00,9512.5,9588.5,9457.7,9571.6,260.25250389999997,BTC/USD,0.006636167639480606,9552.286475861893,9553.923388874253,0.0,-1.0,-1.0,0.005761140259350244,0.004289221689002142,0.0,-1.0,-1.0,9526.314999999993,55.59229665487383,9581.907296654867,9470.72270334512,0.0,0.0,0.0
2019-08-30 20:00:00+00:00,9571.9,9708.0,9571.9,9620.9,616.8680807999999,BTC/USD,0.005150654018136969,9586.593237930945,9558.412996540832,1.0,0.0,1.0,0.00449778076172598,0.004334686802028141,0.0,-1.0,-1.0,9534.844999999994,56.39727013732524,9591.24227013732,9478.447729862668,0.0,-1.0,-1.0
2019-08-30 21:00:00+00:00,9624.8,9627.0,9581.3,9590.0,153.9622888,BTC/USD,-0.003211757735762766,9588.296618965473,9560.530212802229,1.0,0.0,1.0,0.005242565775803329,0.004290897459655501,0.0,-1.0,-1.0,9541.739999999994,54.13283272601216,9595.872832726007,9487.607167273982,0.0,0.0,0.0
2019-08-30 22:00:00+00:00,9590.0,9608.6,9566.6,9593.5,93.16685205,BTC/USD,0.0003649635036495624,9590.898309482736,9562.739979447091,1.0,0.0,1.0,0.0037085818823899847,0.004144729939192548,1.0,0.0,1.0,9549.769999999993,48.78537421028068,9598.555374210275,9500.984625789712,0.0,0.0,0.0
2019-08-30 23:00:00+00:00,9593.5,9624.2,9555.0,9578.0,144.8234093,BTC/USD,-0.0016156772814927,9584.449154741367,9563.762708616961,1.0,0.0,1.0,0.0028673353805015664,0.004031159682674192,1.0,0.0,1.0,9555.344999999994,44.99220371055218,9600.337203710546,9510.352796289442,0.0,0.0,0.0
2019-08-31 00:00:00+00:00,9578.0,9608.5,9566.4,9593.0,36.97569141,BTC/USD,0.0015660889538526845,9588.724577370684,9565.722092688724,1.0,0.0,1.0,0.002446191815769109,0.003911199192461998,1.0,0.0,1.0,9560.879999999994,42.25939447090527,9603.1393944709,9518.620605529088,0.0,0.0,0.0
2019-08-31 01:00:00+00:00,9593.0,9657.3,9592.1,9619.8,118.3225804,BTC/USD,0.002793703742312026,9604.262288685342,9569.346030817678,1.0,0.0,1.0,0.002248150119852187,0.003834561540431547,1.0,0.0,1.0,9566.904999999995,41.60258690078073,9608.507586900776,9525.302413099214,0.0,-1.0,-1.0
2019-08-31 02:00:00+00:00,9619.8,9654.9,9619.7,9623.8,97.41057082,BTC/USD,0.00041580906047933297,9614.03114434267,9572.99500123146,1.0,0.0,1.0,0.001752690913619098,0.0037038519891440078,1.0,0.0,1.0,9574.104999999994,38.04269727272705,9612.147697272721,9536.062302727267,0.0,-1.0,-1.0
2019-08-31 03:00:00+00:00,9623.8,9633.0,9607.0,9619.7,46.01088482,BTC/USD,-0.0004260271410460037,9616.865572171337,9576.12457660702,1.0,0.0,1.0,0.0015226452558650392,0.0035835797434163293,1.0,0.0,1.0,9581.344999999996,31.360895445645795,9612.70589544564,9549.98410455435,0.0,-1.0,-1.0
2019-08-31 04:00:00+00:00,9618.7,9618.7,9586.0,9616.6,58.71308862,BTC/USD,-0.00032225537178920405,9616.732786085668,9578.8366157778,1.0,0.0,1.0,0.0011413463290704936,0.0034654421143103424,1.0,0.0,1.0,9586.079999999996,28.971321572876388,9615.051321572873,9557.10867842712,0.0,-1.0,-1.0
2019-08-31 05:00:00+00:00,9616.6,9620.0,9594.9,9617.3,9.29007865,BTC/USD,7.279079924282783e-05,9617.016393042833,9581.413742234094,1.0,0.0,1.0,0.0008087623379557801,0.0033477760985097123,1.0,0.0,1.0,9588.189999999995,29.658138139295303,9617.84813813929,9558.5318618607,0.0,0.0,0.0
2019-08-31 06:00:00+00:00,9617.0,9617.0,9582.4,9595.6,32.20159295,BTC/USD,-0.002256350534973306,9606.308196521417,9582.364217577253,1.0,0.0,1.0,0.0015123270522143313,0.003297183929634106,1.0,0.0,1.0,9589.544999999995,29.328439135079105,9618.873439135074,9560.216560864916,0.0,0.0,0.0
2019-08-31 07:00:00+00:00,9595.5,9613.7,9556.8,9589.4,73.81970342,BTC/USD,-0.000646129476009949,9597.854098260708,9582.835597630812,1.0,0.0,1.0,0.0011069712490936775,0.003190538884831733,1.0,0.0,1.0,9590.224999999995,29.1500993046071,9619.375099304601,9561.074900695388,0.0,0.0,0.0
2019-08-31 08:00:00+00:00,9589.4,9596.9,9560.0,9567.4,62.2506529,BTC/USD,-0.0022941998456629253,9582.627049130355,9581.801482258576,1.0,0.0,1.0,0.0011674834226004965,0.0031392264840091402,1.0,0.0,1.0,9589.349999999995,29.577863343973636,9618.927863343968,9559.772136656022,0.0,0.0,0.0
2019-08-31 09:00:00+00:00,9566.8,9585.4,9531.2,9581.0,85.23085176,BTC/USD,0.0014214938227732343,9581.813524565177,9581.747788093868,1.0,0.0,1.0,0.0020187895884072895,0.0030569507522277333,1.0,0.0,1.0,9588.149999999996,29.395801705167475,9617.545801705164,9558.754198294828,0.0,0.0,0.0
2019-08-31 10:00:00+00:00,9581.0,9601.9,9567.9,9584.5,79.3308723,BTC/USD,0.0003653063354556174,9583.15676228259,9581.932163719708,1.0,0.0,1.0,0.001453626354073257,0.0029542429212595293,1.0,0.0,1.0,9588.329999999996,29.36007134644726,9617.690071346444,9558.969928653549,0.0,0.0,0.0
2019-08-31 11:00:00+00:00,9578.5,9580.0,9544.7,9570.0,50.37877701,BTC/USD,-0.001512859304084735,9576.578381141295,9581.13282642613,0.0,-1.0,-1.0,0.0014431200720898792,0.002880236630878133,1.0,0.0,1.0,9587.449999999995,29.645475380251746,9617.095475380247,9557.804524619743,0.0,0.0,0.0
2019-08-31 12:00:00+00:00,9570.0,9610.5,9557.6,9603.5,38.13330131,BTC/USD,0.0035005224660396017,9590.039190570647,9582.631171813351,1.0,0.0,1.0,0.0027592087507668467,0.0029273989252912897,1.0,0.0,1.0,9588.949999999995,29.66144937359183,9618.611449373588,9559.288550626403,0.0,0.0,0.0
2019-08-31 13:00:00+00:00,9603.6,9615.6,9588.9,9611.4,89.75626045,BTC/USD,0.0008226167543083918,9600.719595285324,9584.558313419517,1.0,0.0,1.0,0.0019836436927834784,0.0028326575437855137,1.0,0.0,1.0,9592.774999999996,27.15086264007114,9619.925862640068,9565.624137359924,0.0,0.0,0.0
2019-08-31 14:00:00+00:00,9611.4,9611.4,9569.8,9593.9,49.89614072,BTC/USD,-0.0018207545206733178,9597.309797642662,9585.184073714492,1.0,0.0,1.0,0.0022802195711604046,0.0027842657472142503,1.0,0.0,1.0,9597.044999999995,18.553690936390872,9615.598690936386,9578.491309063604,0.0,0.0,0.0
2019-08-31 15:00:00+00:00,9591.5,9606.9,9578.9,9606.9,56.31734016,BTC/USD,0.0013550276738343303,9602.10489882133,9586.638704957659,1.0,0.0,1.0,0.0019218629844211111,0.0027092180022726363,1.0,0.0,1.0,9598.809999999994,17.663399565349792,9616.473399565344,9581.146600434644,0.0,0.0,0.0
2019-08-31 16:00:00+00:00,9606.2,9606.2,9577.2,9600.0,43.71964205,BTC/USD,-0.0007182337694781049,9601.052449410665,9587.533689417904,1.0,0.0,1.0,0.001550578913035134,0.0026263312301182356,1.0,0.0,1.0,9597.764999999996,16.88899595018038,9614.653995950177,9580.876004049815,0.0,0.0,0.0
2019-08-31 17:00:00+00:00,9600.0,9630.0,9590.0,9606.1,41.89831388,BTC/USD,0.0006354166666666661,9603.576224705332,9588.777302980083,1.0,0.0,1.0,0.0011873170206600028,0.0025405421351683962,1.0,0.0,1.0,9598.569999999996,16.88309961548098,9615.453099615477,9581.686900384515,0.0,0.0,0.0
2019-08-31 18:00:00+00:00,9606.1,9611.8,9570.5,9578.0,50.51389584,BTC/USD,-0.0029252245968707236,9590.788112352666,9588.055425814773,1.0,0.0,1.0,0.0021254769048961357,0.002574395774129862,1.0,0.0,1.0,9597.794999999995,17.47351303800758,9615.268513038001,9580.321486961988,1.0,0.0,1.0
2019-08-31 19:00:00+00:00,9582.6,9592.9,9558.5,9581.5,50.95418249,BTC/USD,0.0003654207558989597,9586.144056176334,9587.61634148666,0.0,-1.0,-1.0,0.0018269904513693314,0.0024891696586597026,1.0,0.0,1.0,9597.969999999996,17.28129807487206,9615.251298074867,9580.688701925124,0.0,0.0,0.0
2019-08-31 20:00:00+00:00,9581.5,9581.5,9400.0,9491.9,414.6867398,BTC/USD,-0.009351354172102533,9539.022028088166,9581.205318243126,0.0,-1.0,-1.0,0.005582432984550069,0.003375012023223487,0.0,-1.0,-1.0,9592.914999999995,29.369968101966386,9622.284968101962,9563.54503189803,1.0,0.0,1.0
2019-08-31 21:00:00+00:00,9494.7,9673.3,9473.7,9660.3,211.738748,BTC/USD,0.017741442703778976,9599.661014044083,9586.502967017335,1.0,0.0,1.0,0.014425999934219322,0.005706389790746282,0.0,-1.0,-1.0,9594.939999999995,32.54569904473555,9627.48569904473,9562.39430095526,0.0,-1.0,-1.0
2019-08-31 22:00:00+00:00,9665.0,9690.0,9610.3,9632.9,125.81684709999999,BTC/USD,-0.002836350837965629,9616.280507022042,9589.610538062745,1.0,0.0,1.0,0.011667502067083842,0.0055795703139218614,0.0,-1.0,-1.0,9595.394999999995,33.030408238708794,9628.425408238703,9562.364591761287,0.0,-1.0,-1.0
2019-08-31 23:00:00+00:00,9632.9,9632.9,9602.0,9604.3,40.44343472,BTC/USD,-0.0029689916847470688,9610.29025351102,9590.594395244758,1.0,0.0,1.0,0.008749336685179496,0.005454796544592717,0.0,-1.0,-1.0,9594.624999999995,32.61082924743311,9627.235829247427,9562.014170752562,0.0,0.0,0.0
2019-09-01 00:00:00+00:00,9602.1,9633.5,9580.5,9624.4,57.85249051,BTC/USD,0.002092812594358895,9617.34512675551,9592.858572951956,1.0,0.0,1.0,0.0064012168704250475,0.005292873820143626,0.0,-1.0,-1.0,9595.014999999994,32.93251912296085,9627.947519122954,9562.082480877034,0.0,0.0,0.0
2019-09-01 01:00:00+00:00,9624.4,9639.0,9619.8,9620.2,63.47361566,BTC/USD,-0.00043639083994839734,9618.772563377755,9594.68978610925,1.0,0.0,1.0,0.004584389170664846,0.005115530513764582,1.0,0.0,1.0,9595.159999999994,33.042005164001,9628.202005163996,9562.117994835993,0.0,0.0,0.0
2019-09-01 02:00:00+00:00,9620.2,9626.7,9615.7,9621.9,14.78009258,BTC/USD,0.00017671150287923432,9620.336281688877,9596.512195195202,1.0,0.0,1.0,0.00324167429864651,0.0049412566761657725,1.0,0.0,1.0,9596.474999999995,33.57940902578568,9630.05440902578,9562.895590974209,0.0,0.0,0.0
2019-09-01 03:00:00+00:00,9621.7,9640.7,9620.2,9634.2,36.22749663,BTC/USD,0.0012783338010164957,9627.268140844439,9599.036322225562,1.0,0.0,1.0,0.002391095768899177,0.004780767732738919,1.0,0.0,1.0,9598.714999999995,34.56247242305856,9633.277472423053,9564.152527576936,0.0,-1.0,-1.0
2019-09-01 04:00:00+00:00,9634.2,9648.5,9625.4,9631.5,28.07657912,BTC/USD,-0.0002802516036620739,9629.38407042222,9601.210548661347,1.0,0.0,1.0,0.0017988545449220956,0.004620049642561411,1.0,0.0,1.0,9601.919999999995,34.47769072732973,9636.397690727325,9567.442309272665,0.0,0.0,0.0
2019-09-01 05:00:00+00:00,9631.5,9631.5,9606.7,9612.1,82.78369286,BTC/USD,-0.0020142241603072764,9620.742035211111,9601.93985495341,1.0,0.0,1.0,0.001868659963441069,0.004499257949927124,1.0,0.0,1.0,9603.474999999995,34.18458986451609,9637.659589864512,9569.290410135478,0.0,0.0,0.0
2019-09-01 06:00:00+00:00,9612.1,9627.9,9611.7,9624.0,23.49345484,BTC/USD,0.0012380229086255135,9622.371017605556,9603.417293554241,1.0,0.0,1.0,0.0018586339582075512,0.004355850503547508,1.0,0.0,1.0,9605.449999999995,34.171664161605875,9639.621664161601,9571.27833583839,0.0,0.0,0.0
2019-09-01 07:00:00+00:00,9624.0,9628.1,9620.0,9624.0,26.13793511,BTC/USD,0.0,9623.185508802777,9604.795774817007,1.0,0.0,1.0,0.0013184061257533874,0.004207664318761775,1.0,0.0,1.0,9608.149999999996,33.34662454305772,9641.496624543053,9574.803375456939,0.0,0.0,0.0
2019-09-01 08:00:00+00:00,9624.0,9624.4,9559.5,9601.9,69.62361465,BTC/USD,-0.0022963424771405005,9612.542754401387,9604.601837821345,1.0,0.0,1.0,0.001730989050847068,0.004111792778189962,1.0,0.0,1.0,9608.069999999996,33.360283666515755,9641.430283666512,9574.70971633348,0.0,0.0,0.0
2019-09-01 09:00:00+00:00,9601.8,9622.6,9579.8,9609.0,44.65035253,BTC/USD,0.0007394369864297534,9610.771377200694,9604.896391718876,1.0,0.0,1.0,0.0016657003833268516,0.00397631222492001,1.0,0.0,1.0,9607.949999999995,33.351990392666295,9641.301990392662,9574.598009607329,0.0,0.0,0.0
2019-09-01 10:00:00+00:00,9608.0,9608.0,9590.0,9595.7,63.58331916,BTC/USD,-0.001384119055052424,9603.235688600347,9604.28049369559,0.0,-1.0,-1.0,0.0013886203841479798,0.0038578728673199585,1.0,0.0,1.0,9608.039999999997,33.314488708208394,9641.354488708206,9574.725511291788,0.0,0.0,0.0
2019-09-01 11:00:00+00:00,9595.7,9606.3,9590.0,9590.0,38.45731468,BTC/USD,-0.0005940160696980001,9596.617844300174,9603.324109190704,0.0,-1.0,-1.0,0.0009887402991897113,0.003728956655585356,1.0,0.0,1.0,9607.194999999996,33.558361966719296,9640.753361966716,9573.636638033277,0.0,0.0,0.0
2019-09-01 12:00:00+00:00,9590.0,9596.5,9575.0,9591.3,55.57934341,BTC/USD,0.00013555787278396458,9593.958922150086,9602.518841419122,0.0,-1.0,-1.0,0.0008623437708921101,0.0036023934812661777,1.0,0.0,1.0,9606.759999999997,33.712568326256566,9640.472568326253,9573.04743167374,0.0,0.0,0.0
2019-09-01 13:00:00+00:00,9590.4,9595.2,9568.1,9582.5,40.16030156,BTC/USD,-0.0009174981493644818,9588.229461075043,9601.178163147686,0.0,-1.0,-1.0,0.000725149144823727,0.003486233460473868,1.0,0.0,1.0,9605.579999999996,34.14710591104176,9639.727105911039,9571.432894088954,0.0,0.0,0.0
2019-09-01 14:00:00+00:00,9582.5,9602.9,9574.0,9590.4,24.71776718,BTC/USD,0.0008244195147404376,9589.31473053752,9600.456343451653,0.0,-1.0,-1.0,0.0010102697401757777,0.0033762817719763284,1.0,0.0,1.0,9606.199999999995,33.73001162474097,9639.930011624736,9572.469988375255,0.0,0.0,0.0
2019-09-01 15:00:00+00:00,9590.4,9664.2,9585.8,9629.7,90.95205481,BTC/USD,0.004097847847847946,9609.50736526876,9602.414800739605,1.0,0.0,1.0,0.0025422269095454453,0.003429279165188631,1.0,0.0,1.0,9608.609999999997,33.59398285712989,9642.203982857127,9575.016017142867,0.0,0.0,0.0
2019-09-01 16:00:00+00:00,9629.7,9629.7,9572.3,9596.0,176.074635,BTC/USD,-0.0034995898106898737,9602.75368263438,9601.985200852616,1.0,0.0,1.0,0.0038747847578591652,0.003444260787064539,0.0,-1.0,-1.0,9613.814999999997,19.786366252251284,9633.601366252247,9594.028633747746,0.0,0.0,0.0
2019-09-01 17:00:00+00:00,9596.0,9648.7,9540.8,9603.1,83.10609787,BTC/USD,0.0007398916215088924,9602.92684131719,9602.059858838673,1.0,0.0,1.0,0.0028776954332850164,0.003332823704370387,1.0,0.0,1.0,9610.954999999998,16.58926333172519,9627.544263331723,9594.365736668273,0.0,0.0,0.0
2019-09-01 18:00:00+00:00,9605.7,9626.3,9602.3,9608.0,19.36822351,BTC/USD,0.0005102518978246096,9605.463420658594,9602.457668341161,1.0,0.0,1.0,0.0020567325499054904,0.0032217712017525066,1.0,0.0,1.0,9609.709999999997,15.76975452850592,9625.479754528504,9593.940245471491,0.0,0.0,0.0
2019-09-01 19:00:00+00:00,9608.6,9643.5,9591.3,9625.5,112.7186632,BTC/USD,0.001821398834304766,9615.481710329297,9604.0008023383,1.0,0.0,1.0,0.0017385194404577102,0.0031446063887687736,1.0,0.0,1.0,9610.769999999999,16.09609629022076,9626.86609629022,9594.673903709778,0.0,0.0,0.0
2019-09-01 20:00:00+00:00,9628.3,9636.0,9611.7,9633.6,65.87579281,BTC/USD,0.0008415147265077305,9624.540855164649,9605.983041546984,1.0,0.0,1.0,0.0012355341401745178,0.003042350406168108,1.0,0.0,1.0,9611.23,16.628767083924895,9627.858767083924,9594.601232916075,0.0,-1.0,-1.0
2019-09-01 21:00:00+00:00,9633.6,9850.0,9632.7,9705.1,454.5459448,BTC/USD,0.007421939877096717,9664.820427582325,9612.620824850708,1.0,0.0,1.0,0.004062829928666625,0.003464375190965918,0.0,-1.0,-1.0,9615.474999999999,26.77834700678141,9642.25334700678,9588.696652993218,0.0,-1.0,-1.0
2019-09-01 22:00:00+00:00,9705.1,9839.2,9705.0,9790.4,309.21698,BTC/USD,0.008789193310733356,9727.610213791162,9624.526527710726,1.0,0.0,1.0,0.004026442693603996,0.003929394153334605,0.0,-1.0,-1.0,9623.899999999998,47.44103265045816,9671.341032650456,9576.45896734954,0.0,-1.0,-1.0
2019-09-01 23:00:00+00:00,9790.5,9815.0,9748.0,9764.9,151.08643899999998,BTC/USD,-0.0026045922536361843,9746.25510689558,9633.927186891027,1.0,0.0,1.0,0.006252505330327141,0.003919282893726785,0.0,-1.0,-1.0,9630.434999999998,56.97791146340201,9687.4129114634,9573.457088536596,0.0,-1.0,-1.0
2019-09-02 00:00:00+00:00,9765.0,9791.7,9761.2,9782.9,255.24376809999998,BTC/USD,0.0018433368493278035,9764.57755344779,9643.903715574665,1.0,0.0,1.0,0.004421589822312666,0.003792159752939263,0.0,-1.0,-1.0,9638.004999999997,66.4044662020057,9704.409466202003,9571.600533797991,0.0,-1.0,-1.0
2019-09-02 01:00:00+00:00,9782.5,9788.9,9766.2,9771.8,71.80128816,BTC/USD,-0.0011346328798209626,9768.188776723895,9652.468759446287,1.0,0.0,1.0,0.0036345988203014276,0.003704397091937773,1.0,0.0,1.0,9645.989999999996,72.45192162643255,9718.441921626429,9573.538078373564,0.0,-1.0,-1.0
2019-09-02 02:00:00+00:00,9771.8,9800.0,9767.9,9788.0,67.21283158,BTC/USD,0.0016578317198470138,9778.094388361947,9661.545091096868,1.0,0.0,1.0,0.0026867750132848513,0.00358352056627001,1.0,0.0,1.0,9654.189999999997,78.83187239471987,9733.021872394716,9575.358127605277,0.0,-1.0,-1.0
2019-09-02 03:00:00+00:00,9788.0,9800.0,9760.7,9769.5,81.40046559,BTC/USD,-0.0018900694728238854,9773.797194180974,9668.774664403338,1.0,0.0,1.0,0.0026040816259144616,0.0035356701138957057,1.0,0.0,1.0,9661.464999999997,82.52631653628322,9743.99131653628,9578.938683463713,0.0,-1.0,-1.0
2019-09-02 04:00:00+00:00,9769.5,9792.2,9767.7,9789.6,30.01097833,BTC/USD,0.002057423614309828,9781.698597090486,9676.866138589301,1.0,0.0,1.0,0.0023920475341890723,0.0034313198946813316,1.0,0.0,1.0,9670.849999999997,85.99580467119739,9756.845804671195,9584.854195328799,0.0,-1.0,-1.0
2019-09-02 05:00:00+00:00,9789.6,9799.8,9779.3,9779.3,50.10248225,BTC/USD,-0.001052136961673722,9780.499298545243,9683.725956720293,1.0,0.0,1.0,0.002040179963791549,0.0033492159768789523,1.0,0.0,1.0,9679.364999999996,87.95817352280393,9767.3231735228,9591.406826477192,0.0,-1.0,-1.0
2019-09-02 06:00:00+00:00,9779.3,9779.3,9765.0,9765.0,45.07834331,BTC/USD,-0.0014622723507816682,9772.74964927262,9689.16873166402,1.0,0.0,1.0,0.0016601529369914578,0.0032821404448944947,1.0,0.0,1.0,9687.829999999996,87.62857080340048,9775.458570803397,9600.201429196595,0.0,0.0,0.0
2019-09-02 07:00:00+00:00,9765.0,9774.9,9765.0,9774.7,38.13204861,BTC/USD,0.0009933435739888363,9773.72482463631,9694.896598507878,1.0,0.0,1.0,0.001603949511594642,0.003172184996690454,1.0,0.0,1.0,9697.064999999997,86.50115469259237,9783.56615469259,9610.563845307404,0.0,0.0,0.0
2019-09-02 08:00:00+00:00,9774.7,9774.7,9752.8,9764.9,82.45179328,BTC/USD,-0.00100258831473099,9769.312412318155,9699.584588421103,1.0,0.0,1.0,0.0013202216272023932,0.0030910080560576756,1.0,0.0,1.0,9705.744999999997,84.00346155144692,9789.748461551444,9621.74153844855,0.0,0.0,0.0
2019-09-02 09:00:00+00:00,9764.8,9813.5,9764.8,9792.4,83.5816306,BTC/USD,0.002816209075361842,9780.856206159078,9705.800247365869,1.0,0.0,1.0,0.0022077292252071436,0.003043844481854148,1.0,0.0,1.0,9716.239999999996,80.84810579426123,9797.088105794257,9635.391894205735,0.0,0.0,0.0
2019-09-02 10:00:00+00:00,9792.4,9849.2,9792.4,9799.5,172.6364476,BTC/USD,0.0007250520812058792,9790.17810307954,9712.075122846123,1.0,0.0,1.0,0.0015860553006997568,0.0029402288621185606,1.0,0.0,1.0,9726.694999999996,77.1540801185589,9803.849080118554,9649.540919881438,0.0,0.0,0.0
2019-09-02 11:00:00+00:00,9799.5,9861.5,9799.5,9854.2,110.99177579999998,BTC/USD,0.00558191744476777,9822.18905153977,9721.592918660765,1.0,0.0,1.0,0.0030479239475937393,0.0031048580792980606,1.0,0.0,1.0,9737.919999999996,78.6169166206668,9816.536916620664,9659.30308337933,0.0,-1.0,-1.0
2019-09-02 12:00:00+00:00,9850.1,9855.0,9817.9,9842.6,84.20299369,BTC/USD,-0.0011771630370807085,9832.394525769885,9729.696494610665,1.0,0.0,1.0,0.0034719404825018754,0.003048922845534746,0.0,-1.0,-1.0,9750.249999999996,74.41272174761595,9824.662721747613,9675.83727825238,0.0,-1.0,-1.0
2019-09-02 13:00:00+00:00,9842.6,9940.0,9840.1,9917.3,284.9749844,BTC/USD,0.007589458070021982,9874.847262884941,9742.259875697568,1.0,0.0,1.0,0.0046996398853800065,0.0034095991369092736,0.0,-1.0,-1.0,9765.959999999995,74.87684906771227,9840.836849067708,9691.083150932283,0.0,-1.0,-1.0
2019-09-02 14:00:00+00:00,9917.1,9975.0,9901.8,9926.6,373.42600939999994,BTC/USD,0.0009377552358000862,9900.72363144247,9754.604706637821,1.0,0.0,1.0,0.003914918528947701,0.0032946621448437996,0.0,-1.0,-1.0,9781.889999999996,73.37820485240456,9855.2682048524,9708.511795147591,0.0,-1.0,-1.0
2019-09-02 15:00:00+00:00,9926.6,9927.0,9883.4,9908.9,180.38568569999998,BTC/USD,-0.0017830878649286452,9904.811815721234,9764.937497908972,1.0,0.0,1.0,0.003867628717342459,0.003275544574494616,0.0,-1.0,-1.0,9796.059999999996,68.8097254447533,9864.869725444749,9727.250274555243,0.0,-1.0,-1.0
2019-09-02 16:00:00+00:00,9908.1,9964.0,9903.4,9945.0,198.1861721,BTC/USD,0.003643189455943663,9924.905907860617,9776.995850688278,1.0,0.0,1.0,0.0033718986172218486,0.0032314584567809668,0.0,-1.0,-1.0,9811.629999999996,65.2534177366095,9876.883417736604,9746.376582263387,0.0,-1.0,-1.0
2019-09-02 17:00:00+00:00,9945.0,10135.6,9945.0,10098.1,688.3263862000001,BTC/USD,0.015394670688788414,10011.502953930309,9798.499410807039,1.0,0.0,1.0,0.008522793616234469,0.0047668169701426686,0.0,-1.0,-1.0,9831.279999999995,87.02574694635737,9918.305746946353,9744.254253053638,0.0,-1.0,-1.0
2019-09-02 18:00:00+00:00,10098.1,10199.0,10098.1,10145.0,379.9331361,BTC/USD,0.004644438062605838,10078.251476965153,9821.703695730668,1.0,0.0,1.0,0.0065213935633517545,0.004646861583800924,0.0,-1.0,-1.0,9849.009999999997,111.06141923322247,9960.07141923322,9737.948580766773,0.0,-1.0,-1.0
2019-09-02 19:00:00+00:00,10145.0,10199.0,10115.8,10187.6,202.16814159999998,BTC/USD,0.004199112863479515,10132.925738482576,9846.206851060466,1.0,0.0,1.0,0.004854956283881944,0.004513237330149407,0.0,-1.0,-1.0,9870.144999999997,132.38561487679831,10002.530614876796,9737.759385123198,0.0,-1.0,-1.0
2019-09-02 20:00:00+00:00,10187.6,10490.0,10187.6,10409.4,1291.450889,BTC/USD,0.021771565432486373,10271.162869241289,9883.922461930464,1.0,0.0,1.0,0.01057433036364437,0.006566290055508758,0.0,-1.0,-1.0,9901.469999999998,177.19335588111917,10078.663355881117,9724.276644118878,0.0,-1.0,-1.0
2019-09-02 21:00:00+00:00,10409.2,10472.1,10354.5,10399.9,961.1105795,BTC/USD,-0.0009126366553308118,10335.531434620643,9918.47614821817,1.0,0.0,1.0,0.011616688976681954,0.006453222245881814,0.0,-1.0,-1.0,9932.874999999996,206.27586249331281,10139.150862493309,9726.599137506684,0.0,-1.0,-1.0
2019-09-02 22:00:00+00:00,10400.0,10469.5,10383.6,10395.0,284.9779112,BTC/USD,-0.00047115837652278447,10365.265717310322,9950.387709546,1.0,0.0,1.0,0.00921428867131049,0.006312735957876596,0.0,-1.0,-1.0,9963.224999999997,227.41027120022466,10190.63527120022,9735.814728799773,0.0,-1.0,-1.0
2019-09-02 23:00:00+00:00,10395.0,10416.0,10342.0,10389.5,300.65245330000005,BTC/USD,-0.0005291005291004902,10377.38285865516,9979.793904657567,1.0,0.0,1.0,0.006852612329849043,0.006170584131632745,0.0,-1.0,-1.0,9994.224999999997,241.43803798117943,10235.663037981176,9752.786962018818,0.0,-1.0,-1.0
2019-09-03 00:00:00+00:00,10389.5,10437.0,10389.5,10405.0,157.2383492,BTC/USD,0.0014918908513403828,10391.19142932758,10008.268828172153,1.0,0.0,1.0,0.004848729225163738,0.005971746861151187,1.0,0.0,1.0,10024.994999999997,252.92843272146743,10277.923432721465,9772.066567278529,0.0,-1.0,-1.0
2019-09-03 01:00:00+00:00,10405.0,10408.8,10271.6,10359.1,379.8896953,BTC/USD,-0.004411340701585775,10375.145714663791,10031.763052564393,1.0,0.0,1.0,0.004918753519915476,0.006056299675973814,1.0,0.0,1.0,10053.984999999997,256.487895015464,10310.47289501546,9797.497104984534,0.0,-1.0,-1.0
2019-09-03 02:00:00+00:00,10359.1,10424.1,10334.1,10401.1,344.0884543,BTC/USD,0.004054406270814992,10388.122857331895,10056.496551429704,1.0,0.0,1.0,0.004878372550712984,0.005865931100346866,1.0,0.0,1.0,10085.789999999997,258.2002586732573,10343.990258673255,9827.58974132674,0.0,-1.0,-1.0
2019-09-03 03:00:00+00:00,10398.9,10499.9,10389.9,10410.6,347.8592008,BTC/USD,0.0009133649325552273,10399.361428665947,10080.209897018764,1.0,0.0,1.0,0.0034561074409190425,0.005679936557266943,1.0,0.0,1.0,10117.584999999997,257.0261307112765,10374.611130711273,9860.558869288721,0.0,-1.0,-1.0
2019-09-03 04:00:00+00:00,10410.6,10431.7,10365.0,10406.8,167.1635555,BTC/USD,-0.00036501258332866104,10403.080714332973,10102.080742639757,1.0,0.0,1.0,0.0026006490516102617,0.005530265485169953,1.0,0.0,1.0,10149.679999999997,250.66679833887525,10400.346798338873,9899.01320166112,0.0,-1.0,-1.0
2019-09-03 05:00:00+00:00,10406.8,10438.9,10395.0,10420.5,155.8027079,BTC/USD,0.0013164469385402722,10411.790357166487,10123.404403638237,1.0,0.0,1.0,0.0019297376672881242,0.0053464289165717025,1.0,0.0,1.0,10181.084999999997,242.77041629140916,10423.855416291406,9938.314583708589,0.0,0.0,0.0
2019-09-03 06:00:00+00:00,10420.5,10420.5,10394.0,10401.9,78.5774622,BTC/USD,-0.0017849431409241445,10406.845178583244,10142.054482531557,1.0,0.0,1.0,0.002107956822936091,0.005259228060896851,1.0,0.0,1.0,10211.204999999998,229.96794851042424,10441.172948510422,9981.237051489574,0.0,0.0,0.0
2019-09-03 07:00:00+00:00,10401.1,10403.0,10376.0,10385.9,72.52133592,BTC/USD,-0.0015381805247118852,10396.372589291623,10158.384137960968,1.0,0.0,1.0,0.0016270119896858914,0.005153244464531825,1.0,0.0,1.0,10237.789999999997,216.8859047614622,10454.67590476146,10020.904095238535,0.0,0.0,0.0
2019-09-03 08:00:00+00:00,10385.9,10406.8,10375.0,10375.0,73.89815882,BTC/USD,-0.0010494998026169267,10385.686294645811,10172.8902961647,1.0,0.0,1.0,0.001150784933436332,0.005024347331655357,1.0,0.0,1.0,10264.409999999996,197.64792967610433,10462.0579296761,10066.762070323892,0.0,0.0,0.0
2019-09-03 09:00:00+00:00,10375.0,10390.1,10305.0,10305.1,208.1680101,BTC/USD,-0.006737349397590298,10345.393147322906,10181.744008402344,1.0,0.0,1.0,0.003589955933512334,0.005281853057774285,1.0,0.0,1.0,10283.799999999997,180.0409690217829,10463.84096902178,10103.759030978215,0.0,0.0,0.0
2019-09-03 10:00:00+00:00,10305.1,10395.0,10289.0,10395.0,176.11294719999998,BTC/USD,0.008723835770637844,10370.196573661453,10196.025160138746,1.0,0.0,1.0,0.008126398777094748,0.00547584080768606,0.0,-1.0,-1.0,10307.219999999998,160.53921180291835,10467.759211802915,10146.68078819708,0.0,0.0,0.0
2019-09-03 11:00:00+00:00,10395.1,10481.3,10395.0,10429.5,243.37861969999997,BTC/USD,0.003318903318903388,10399.848286830726,10211.660308430472,1.0,0.0,1.0,0.0057724971688774005,0.005311092604279076,0.0,-1.0,-1.0,10333.249999999996,132.27290170818026,10465.522901708177,10200.977098291816,0.0,0.0,0.0
2019-09-03 12:00:00+00:00,10433.5,10647.8,10409.4,10585.7,448.2422324,BTC/USD,0.01497674864566867,10492.774143415363,10236.708682501572,1.0,0.0,1.0,0.008463316020933084,0.006162422511154892,0.0,-1.0,-1.0,10365.284999999998,108.79589908576723,10474.080899085766,10256.48910091423,0.0,-1.0,-1.0
2019-09-03 13:00:00+00:00,10585.4,10750.0,10551.7,10679.6,908.7717182,BTC/USD,0.00887045731505709,10586.187071707682,10266.367849739388,1.0,0.0,1.0,0.005984555546151083,0.006172190200385346,1.0,0.0,1.0,10394.359999999997,111.30644942767623,10505.666449427674,10283.05355057232,0.0,-1.0,-1.0
2019-09-03 14:00:00+00:00,10679.6,10785.6,10580.0,10644.6,641.3698998,BTC/USD,-0.003277276302483201,10615.39353585384,10291.696973658412,1.0,0.0,1.0,0.008572403183688793,0.006164626542680534,0.0,-1.0,-1.0,10419.339999999998,108.42242630701789,10527.762426307016,10310.917573692981,0.0,-1.0,-1.0
2019-09-03 15:00:00+00:00,10644.6,10700.0,10594.6,10697.9,440.741375,BTC/USD,0.005007233714747317,10656.646767926919,10318.899223570848,1.0,0.0,1.0,0.006209172696317684,0.005989456424832324,0.0,-1.0,-1.0,10444.854999999998,111.02986072975469,10555.884860729753,10333.825139270242,0.0,-1.0,-1.0
2019-09-03 16:00:00+00:00,10697.9,10725.0,10650.9,10660.5,294.53601180000004,BTC/USD,-0.003496013236242601,10658.57338396346,10341.77524364135,1.0,0.0,1.0,0.006311659593939233,0.005992482661929963,0.0,-1.0,-1.0,10457.409999999998,120.59460536064454,10578.004605360642,10336.815394639354,0.0,-1.0,-1.0
2019-09-03 17:00:00+00:00,10660.5,10678.8,10615.2,10619.3,226.94552569999996,BTC/USD,-0.0038647342995169476,10638.93669198173,10360.360275141998,1.0,0.0,1.0,0.005112080503318566,0.005992508705539583,1.0,0.0,1.0,10468.379999999997,124.98679340754349,10593.36679340754,10343.393206592455,0.0,-1.0,-1.0
2019-09-03 18:00:00+00:00,10619.3,10669.6,10616.1,10625.2,112.6190163,BTC/USD,0.0005555921765090233,10632.068345990865,10378.095824874692,1.0,0.0,1.0,0.0038986499221246094,0.005797353166659746,1.0,0.0,1.0,10479.889999999998,128.42580450650073,10608.315804506497,10351.464195493498,0.0,-1.0,-1.0
2019-09-03 19:00:00+00:00,10625.2,10678.8,10625.2,10660.7,198.2553469,BTC/USD,0.003341113579038435,10646.384172995433,10397.02100658642,1.0,0.0,1.0,0.0036788223009136325,0.005614706683918685,1.0,0.0,1.0,10493.449999999999,132.6282874486542,10626.078287448654,10360.821712551344,0.0,-1.0,-1.0
2019-09-03 20:00:00+00:00,10656.9,10729.0,10652.2,10714.0,184.41309840000002,BTC/USD,0.004999671691352292,10680.192086497716,10418.248168232854,1.0,0.0,1.0,0.0034287078704806602,0.005482499317261914,1.0,0.0,1.0,10508.899999999998,139.59713464102228,10648.49713464102,10369.302865358975,0.0,-1.0,-1.0
2019-09-03 21:00:00+00:00,10712.1,10717.5,10683.5,10699.9,48.53517855,BTC/USD,-0.0013160350942692522,10690.046043248858,10437.109570979856,1.0,0.0,1.0,0.003666688039570481,0.0053648044135073195,1.0,0.0,1.0,10525.939999999999,141.14075990034422,10667.080759900344,10384.799240099654,0.0,-1.0,-1.0
2019-09-03 22:00:00+00:00,10699.9,10728.3,10686.1,10707.0,105.1921744,BTC/USD,0.0006635576033420243,10698.523021624429,10455.183345423717,1.0,0.0,1.0,0.002597866379539232,0.005190559740080271,1.0,0.0,1.0,10541.234999999997,143.4559395955651,10684.690939595563,10397.779060404431,0.0,-1.0,-1.0
2019-09-03 23:00:00+00:00,10706.9,10707.0,10511.0,10614.6,1002.466351,BTC/USD,-0.008629868310451094,10656.561510812215,10465.859012791745,1.0,0.0,1.0,0.006057834487175867,0.005666981813884205,0.0,-1.0,-1.0,10551.434999999998,140.90845208291864,10692.343452082916,10410.52654791708,0.0,0.0,0.0
2019-09-04 00:00:00+00:00,10619.7,10632.2,10575.6,10583.7,226.6334363,BTC/USD,-0.0029110847323498,10620.130755406108,10473.75047870532,1.0,0.0,1.0,0.004327562536977429,0.005566267630304464,1.0,0.0,1.0,10560.279999999999,136.8452279805022,10697.125227980501,10423.434772019496,0.0,0.0,0.0
2019-09-04 01:00:00+00:00,10583.7,10588.8,10443.2,10520.3,593.9129357999999,BTC/USD,-0.005990343641637752,10570.215377703054,10476.867763665607,1.0,0.0,1.0,0.003442865281213188,0.0056467166411009176,1.0,0.0,1.0,10565.269999999999,133.2523648451502,10698.522364845148,10432.017635154849,0.0,0.0,0.0
2019-09-04 02:00:00+00:00,10522.6,10569.0,10509.9,10550.1,120.7660685,BTC/USD,0.0028326188416680775,10560.157688851526,10481.771911527521,1.0,0.0,1.0,0.0052169014786500306,0.005491186719925485,1.0,0.0,1.0,10572.679999999998,127.69409828502226,10700.374098285021,10444.985901714976,0.0,0.0,0.0
2019-09-04 03:00:00+00:00,10550.1,10650.0,10513.8,10620.0,253.1772786,BTC/USD,0.00662552961583307,10590.078844425763,10491.028640268594,1.0,0.0,1.0,0.005919638064878427,0.005528013721192667,0.0,-1.0,-1.0,10584.384999999998,120.18015982587207,10704.56515982587,10464.204840174127,0.0,0.0,0.0
2019-09-04 04:00:00+00:00,10620.0,10645.2,10573.5,10596.7,119.62422020000001,BTC/USD,-0.0021939736346515692,10593.389422212882,10498.105140224585,1.0,0.0,1.0,0.005200412011174795,0.005397948981988015,1.0,0.0,1.0,10595.47,109.61035823115213,10705.080358231151,10485.859641768848,0.0,0.0,0.0
2019-09-04 05:00:00+00:00,10596.7,10607.4,10553.4,10577.0,55.77510752,BTC/USD,-0.001859069332905583,10585.19471110644,10503.388496529697,1.0,0.0,1.0,0.003913070340604834,0.005254760793220513,1.0,0.0,1.0,10609.064999999999,86.02450859452667,10695.089508594525,10523.040491405472,0.0,0.0,0.0
2019-09-04 06:00:00+00:00,10577.0,10620.1,10577.0,10584.3,77.76951972,BTC/USD,0.0006901767987141927,10584.74735555322,10508.80690127657,1.0,0.0,1.0,0.002907227182239446,0.005075918879444639,1.0,0.0,1.0,10618.529999999999,70.18841634811274,10688.718416348112,10548.341583651885,0.0,0.0,0.0
2019-09-04 07:00:00+00:00,10584.3,10594.5,10532.2,10577.9,99.74034274,BTC/USD,-0.0006046691798229364,10581.32367777661,10513.433862119811,1.0,0.0,1.0,0.002084777233569649,0.00491172858175912,1.0,0.0,1.0,10625.949999999999,55.44992525250664,10681.399925252506,10570.500074747491,0.0,0.0,0.0
2019-09-04 08:00:00+00:00,10577.9,10579.1,10471.0,10511.5,119.1022211,BTC/USD,-0.006277238393253781,10546.411838888305,10513.30435708793,1.0,0.0,1.0,0.003933812935186735,0.005045220325936065,1.0,0.0,1.0,10622.239999999998,60.533873944421714,10682.77387394442,10561.706126055577,1.0,0.0,1.0
2019-09-04 09:00:00+00:00,10511.5,10542.8,10492.4,10509.0,81.53110818,BTC/USD,-0.0002378347524140123,10527.705919444154,10513.01610702308,1.0,0.0,1.0,0.0033544401322604454,0.004873789948376685,1.0,0.0,1.0,10613.709999999997,63.94922245511653,10677.659222455113,10549.760777544881,1.0,0.0,1.0
2019-09-04 10:00:00+00:00,10509.0,10590.9,10480.0,10566.0,150.0596233,BTC/USD,0.005423922352269406,10546.852959722077,10516.56428152438,1.0,0.0,1.0,0.005002572604462517,0.004905896759257206,0.0,-1.0,-1.0,10609.779999999997,64.3647958697211,10674.144795869719,10545.415204130275,0.0,0.0,0.0
2019-09-04 11:00:00+00:00,10565.9,10575.7,10510.1,10528.9,125.55663349999999,BTC/USD,-0.003511262540223381,10537.87647986104,10517.390368055465,1.0,0.0,1.0,0.00481683737771896,0.00484017636386104,1.0,0.0,1.0,10601.329999999998,63.27138789609659,10664.601387896095,10538.058612103901,1.0,0.0,1.0
2019-09-04 12:00:00+00:00,10528.9,10538.0,10480.0,10487.0,147.8527222,BTC/USD,-0.00397952302709681,10512.43823993052,10515.355215175881,0.0,-1.0,-1.0,0.003910620660834479,0.004789283421560748,1.0,0.0,1.0,10592.654999999997,66.54134033566501,10659.196340335662,10526.113659664332,1.0,0.0,1.0
2019-09-04 13:00:00+00:00,10481.2,10486.8,10319.0,10403.6,491.06154419999996,BTC/USD,-0.007952703347001044,10458.01911996526,10507.871299836781,0.0,-1.0,-1.0,0.004377706604109395,0.005032021609913466,1.0,0.0,1.0,10581.869999999999,78.41615099470782,10660.286150994707,10503.453849005291,1.0,0.0,1.0
2019-09-04 14:00:00+00:00,10403.6,10458.6,10385.1,10405.1,185.45790730000002,BTC/USD,0.0001441808604714101,10431.55955998263,10500.989010843752,0.0,-1.0,-1.0,0.004496550194820478,0.004865260182774675,1.0,0.0,1.0,10570.864999999998,86.99083602664363,10657.855836026642,10483.874163973354,1.0,0.0,1.0
2019-09-04 15:00:00+00:00,10405.1,10458.1,10393.2,10425.0,118.03516979999999,BTC/USD,0.0019125236662789202,10428.279779991315,10495.900252395668,0.0,-1.0,-1.0,0.004180078199021838,0.004744031574187725,1.0,0.0,1.0,10559.079999999998,90.09037918132866,10649.170379181327,10468.98962081867,1.0,0.0,1.0
2019-09-04 16:00:00+00:00,10423.7,10617.5,10423.7,10573.2,335.7365017,BTC/USD,0.01421582733812965,10500.739889995657,10501.076786876203,0.0,-1.0,-1.0,0.009369439298429115,0.00591172080227123,0.0,-1.0,-1.0,10552.039999999997,82.53139370779719,10634.571393707794,10469.5086062922,0.0,0.0,0.0
2019-09-04 17:00:00+00:00,10573.2,10675.0,10558.7,10654.2,309.205168,BTC/USD,0.00766087844739527,10577.469944997829,10511.33099339527,1.0,0.0,1.0,0.006639226449385482,0.005992508722768671,0.0,-1.0,-1.0,10549.755,78.7690994381606,10628.52409943816,10470.985900561838,0.0,-1.0,-1.0
2019-09-04 18:00:00+00:00,10645.1,10660.0,10594.3,10594.3,231.0784727,BTC/USD,-0.0056221959415068135,10585.884972498914,10516.887181084428,1.0,0.0,1.0,0.009205535935198201,0.006028332691554952,0.0,-1.0,-1.0,10544.119999999999,70.52810264810049,10614.6481026481,10473.591897351898,0.0,0.0,0.0
2019-09-04 19:00:00+00:00,10594.3,10730.0,10594.3,10712.0,333.01014480000003,BTC/USD,0.011109747694515004,10648.942486249456,10529.953306218822,1.0,0.0,1.0,0.00904967473372813,0.006412487971461457,0.0,-1.0,-1.0,10548.989999999998,78.55671032334001,10627.546710323339,10470.433289676657,0.0,-1.0,-1.0
2019-09-04 20:00:00+00:00,10723.8,10892.1,10607.0,10614.2,887.615747,BTC/USD,-0.009129947722180676,10631.571243124728,10535.59505661936,1.0,0.0,1.0,0.011248326885800398,0.006734517427946115,0.0,-1.0,-1.0,10550.514999999998,79.55568241958704,10630.070682419584,10470.959317580411,0.0,0.0,0.0
2019-09-04 21:00:00+00:00,10623.8,10672.8,10609.8,10663.7,174.58783689999999,BTC/USD,0.0046635639049574795,10647.635621562364,10544.173863355285,1.0,0.0,1.0,0.008824138718221453,0.006588177649195634,0.0,-1.0,-1.0,10557.685,83.07344420187415,10640.758444201874,10474.611555798125,0.0,-1.0,-1.0
2019-09-04 22:00:00+00:00,10663.6,10700.1,10475.2,10570.5,600.3374043,BTC/USD,-0.008739930793251971,10609.067810781182,10545.936846336692,1.0,0.0,1.0,0.008864982296202393,0.006814414106250737,0.0,-1.0,-1.0,10558.704999999998,83.10064585843003,10641.805645858429,10475.604354141567,0.0,0.0,0.0
2019-09-04 23:00:00+00:00,10570.5,10602.6,10523.2,10584.9,268.8882872,BTC/USD,0.0013622818220520028,10596.98390539059,10548.546092683111,1.0,0.0,1.0,0.006965742150755462,0.006588957497084572,0.0,-1.0,-1.0,10556.949999999999,82.10267320466112,10639.05267320466,10474.847326795338,0.0,0.0,0.0
2019-09-05 00:00:00+00:00,10585.0,10585.9,10506.0,10532.1,228.4181336,BTC/USD,-0.004988237961624509,10564.541952695296,10547.444746856216,1.0,0.0,1.0,0.0054660629954537176,0.0065038707814582385,1.0,0.0,1.0,10553.719999999998,81.72641523614885,10635.446415236147,10471.993584763848,0.0,0.0,0.0
2019-09-05 01:00:00+00:00,10532.1,10560.0,10510.0,10552.6,119.0124835,BTC/USD,0.0019464304364751328,10558.570976347648,10547.789978795328,1.0,0.0,1.0,0.004930741361260374,0.0063033811857308815,1.0,0.0,1.0,10552.499999999998,81.54251716280396,10634.042517162801,10470.957482837195,0.0,0.0,0.0
2019-09-05 02:00:00+00:00,10552.6,10574.6,10500.2,10544.5,208.54610219999998,BTC/USD,-0.0007675833443890889,10551.535488173824,10547.569658722841,1.0,0.0,1.0,0.0034890281680309086,0.006092290752597271,1.0,0.0,1.0,10550.509999999998,81.21058331331155,10631.72058331331,10469.299416686687,0.0,0.0,0.0
2019-09-05 03:00:00+00:00,10544.5,10580.0,10515.0,10574.3,87.16123418,BTC/USD,0.00282611788135978,10562.917744086912,10549.359709976086,1.0,0.0,1.0,0.0032627058303988763,0.005928427676113646,1.0,0.0,1.0,10550.329999999998,81.15064678526761,10631.480646785265,10469.179353214731,0.0,0.0,0.0
2019-09-05 04:00:00+00:00,10574.3,10627.0,10565.8,10592.8,220.2908449,BTC/USD,0.001749524791239132,10577.858872043456,10552.268776644114,1.0,0.0,1.0,0.0023429269101445144,0.005740173140711392,1.0,0.0,1.0,10554.394999999999,81.13944121717631,10635.534441217174,10473.255558782823,0.0,0.0,0.0
2019-09-05 05:00:00+00:00,10593.6,10660.4,10576.0,10613.0,143.3697458,BTC/USD,0.0019069556680009203,10595.429436021728,10556.335765512187,1.0,0.0,1.0,0.0016837391138862267,0.005559759060119277,1.0,0.0,1.0,10559.594999999998,81.40917105315499,10641.004171053153,10478.185828946842,0.0,0.0,0.0
2019-09-05 06:00:00+00:00,10613.0,10629.4,10530.3,10540.0,80.89955884,BTC/USD,-0.00687835673230941,10567.714718010864,10555.241808034469,1.0,0.0,1.0,0.0053634264848862545,0.005680999997700427,1.0,0.0,1.0,10558.294999999998,81.50904034447751,10639.804040344476,10476.78595965552,0.0,0.0,0.0
2019-09-05 07:00:00+00:00,10540.0,10580.1,10539.8,10556.1,32.25997147,BTC/USD,0.0015275142314989942,10561.907359005432,10555.299278589478,1.0,0.0,1.0,0.00456046351149328,0.005502766400164659,1.0,0.0,1.0,10559.654999999999,81.21916726710415,10640.874167267102,10478.435832732896,0.0,0.0,0.0
2019-09-05 08:00:00+00:00,10556.1,10632.4,10522.0,10588.6,111.67403459999998,BTC/USD,0.003078788567747459,10575.253679502715,10557.529328513438,1.0,0.0,1.0,0.003912923594939756,0.005371818724005939,1.0,0.0,1.0,10564.734999999999,79.59682799143806,10644.331827991437,10485.138172008561,0.0,0.0,0.0
2019-09-05 09:00:00+00:00,10588.6,10636.2,10554.2,10568.6,53.42102343,BTC/USD,-0.0018888238294014759,10571.926839751359,10558.270698336357,1.0,0.0,1.0,0.0033756987250965695,0.005216734953121199,1.0,0.0,1.0,10572.984999999999,69.98745959086261,10642.972459590861,10502.997540409136,0.0,0.0,0.0
2019-09-05 10:00:00+00:00,10568.6,10662.4,10457.3,10630.1,278.9113151,BTC/USD,0.0058191245765759625,10601.013419875679,10563.080892223343,1.0,0.0,1.0,0.004447941000884126,0.005245795522940423,1.0,0.0,1.0,10584.234999999999,58.76453705911313,10642.999537059111,10525.470462940886,0.0,0.0,0.0
2019-09-05 11:00:00+00:00,10632.1,10643.4,10571.7,10580.0,93.13483314,BTC/USD,-0.0047130318623531675,10590.50670993784,10564.213914352518,1.0,0.0,1.0,0.005550174841579429,0.005235935579764563,0.0,-1.0,-1.0,10591.984999999999,45.34838562649858,10637.333385626498,10546.6366143735,0.0,0.0,0.0
2019-09-05 12:00:00+00:00,10580.0,10611.0,10537.1,10582.9,165.4857691,BTC/USD,0.0002741020793950444,10586.703354968919,10565.465265706634,1.0,0.0,1.0,0.003998906004108782,0.005057724715959522,1.0,0.0,1.0,10592.469999999998,45.18849527529552,10637.658495275293,10547.281504724702,0.0,0.0,0.0
2019-09-05 13:00:00+00:00,10582.9,10616.3,10562.8,10612.2,81.92180961,BTC/USD,0.0027686172977161583,10599.45167748446,10568.594951283247,1.0,0.0,1.0,0.0034130255864134955,0.004931207061988111,1.0,0.0,1.0,10590.369999999999,43.09627044534226,10633.46627044534,10547.273729554658,0.0,0.0,0.0
2019-09-05 14:00:00+00:00,10612.2,10612.9,10540.7,10559.7,134.5706696,BTC/USD,-0.0049471363148074765,10579.57583874223,10567.9992829646,1.0,0.0,1.0,0.00447567632604533,0.004947472242690199,1.0,0.0,1.0,10588.64,43.62147467261861,10632.261474672618,10545.018525327381,0.0,0.0,0.0
2019-09-05 15:00:00+00:00,10559.7,10579.5,10540.7,10563.9,114.63976100000001,BTC/USD,0.0003977385721183335,10571.737919371115,10567.724766230078,1.0,0.0,1.0,0.0034559460721781125,0.004780250550816769,1.0,0.0,1.0,10581.234999999999,32.808475717867104,10614.043475717866,10548.426524282131,0.0,0.0,0.0
2019-09-05 16:00:00+00:00,10563.9,10610.1,10510.0,10533.2,243.38366910000002,BTC/USD,-0.0029061236853812344,10552.468959685557,10565.412745779951,0.0,-1.0,-1.0,0.0027817213976034003,0.004675744033313396,1.0,0.0,1.0,10577.185,33.51680293419936,10610.701802934198,10543.668197065801,1.0,0.0,1.0
2019-09-05 17:00:00+00:00,10533.2,10549.0,10491.0,10505.0,225.5795477,BTC/USD,-0.002677249079102384,10528.734479842778,10561.367084697027,0.0,-1.0,-1.0,0.002035660449869323,0.00456001908268532,1.0,0.0,1.0,10569.249999999998,30.617066104133265,10599.86706610413,10538.632933895866,1.0,0.0,1.0
2019-09-05 18:00:00+00:00,10502.5,10568.2,10486.9,10541.2,173.06527409999998,BTC/USD,0.0034459781056639383,10534.967239921389,10560.016555295368,0.0,-1.0,-1.0,0.003772904836169395,0.004510491897257999,1.0,0.0,1.0,10567.785,31.2485835465706,10599.03358354657,10536.53641645343,0.0,0.0,0.0
2019-09-05 19:00:00+00:00,10548.6,10585.1,10489.0,10538.7,226.6261591,BTC/USD,-0.0002371646491861057,10536.833619960695,10558.589049287386,0.0,-1.0,-1.0,0.002716474377004988,0.0043569572245316015,1.0,0.0,1.0,10565.475,31.62219199073069,10597.097191990732,10533.85280800927,0.0,0.0,0.0
2019-09-05 20:00:00+00:00,10538.7,10587.5,10513.8,10516.6,147.8287082,BTC/USD,-0.0020970328408627115,10526.716809980348,10555.777168141378,0.0,-1.0,-1.0,0.0023738198569243727,0.00423837209941174,1.0,0.0,1.0,10564.7,32.65623177384482,10597.356231773845,10532.043768226156,1.0,0.0,1.0
2019-09-05 21:00:00+00:00,10517.3,10572.1,10511.0,10557.9,47.93693278,BTC/USD,0.003927124736131438,10542.308404990174,10555.919327846412,0.0,-1.0,-1.0,0.003430366764108291,0.004230068337025522,1.0,0.0,1.0,10564.965,32.57427585306045,10597.53927585306,10532.39072414694,0.0,0.0,0.0
2019-09-05 22:00:00+00:00,10557.9,10594.2,10540.0,10582.6,95.55745354,BTC/USD,0.0023394803890925964,10562.454202495086,10557.706052714588,1.0,0.0,1.0,0.0024815024839735995,0.00412822270534425,1.0,0.0,1.0,10566.869999999999,32.428205721232914,10599.298205721232,10534.441794278766,0.0,0.0,0.0
2019-09-05 23:00:00+00:00,10589.2,10603.2,10565.0,10574.9,123.2240345,BTC/USD,-0.0007276094721524462,10568.677101247544,10558.857479970213,1.0,0.0,1.0,0.002385727676417579,0.003994266311663116,1.0,0.0,1.0,10566.9,32.43571780393487,10599.335717803935,10534.464282196064,0.0,0.0,0.0
2019-09-06 00:00:00+00:00,10577.5,10617.2,10565.9,10584.1,209.95101400000001,BTC/USD,0.0008699845861426247,10576.388550623771,10560.547896080549,1.0,0.0,1.0,0.00169552024226946,0.003862942865316406,1.0,0.0,1.0,10566.465,32.126956626610166,10598.591956626611,10534.33804337339,0.0,0.0,0.0
2019-09-06 01:00:00+00:00,10583.7,10619.4,10581.7,10590.0,99.56456758,BTC/USD,0.0005574399334851154,10583.194275311886,10562.52021543598,1.0,0.0,1.0,0.0012036201100189654,0.003732667403995666,1.0,0.0,1.0,10565.315,30.75593695333626,10596.070936953336,10534.559063046665,0.0,0.0,0.0
2019-09-06 02:00:00+00:00,10590.0,10694.9,10590.0,10667.0,158.86865319999998,BTC/USD,0.007271010387157606,10625.097137655943,10569.516914261629,1.0,0.0,1.0,0.004146326929662023,0.004029986333523186,0.0,-1.0,-1.0,10571.665,37.60260734217828,10609.267607342179,10534.062392657823,0.0,-1.0,-1.0
2019-09-06 03:00:00+00:00,10662.1,10725.0,10656.0,10658.4,211.750912,BTC/USD,-0.0008062248054748755,10641.74856882797,10575.469148782016,1.0,0.0,1.0,0.004135988588180204,0.003910751182612704,0.0,-1.0,-1.0,10576.78,42.06673395030425,10618.846733950304,10534.713266049697,0.0,-1.0,-1.0
2019-09-06 04:00:00+00:00,10658.4,10750.0,10656.4,10719.0,147.65723530000002,BTC/USD,0.005685656383697335,10680.374284413985,10585.080980759634,1.0,0.0,1.0,0.003858443578137307,0.00399546466173807,1.0,0.0,1.0,10583.3,52.74526668694608,10636.045266686946,10530.554733313053,0.0,-1.0,-1.0
2019-09-06 05:00:00+00:00,10719.0,10797.0,10702.0,10716.7,268.6293043,BTC/USD,-0.00021457225487442333,10698.537142206993,10593.895112948385,1.0,0.0,1.0,0.0036039607383626594,0.0038700002421256387,1.0,0.0,1.0,10590.705,60.41174053707569,10651.116740537076,10530.293259462924,0.0,-1.0,-1.0
2019-09-06 06:00:00+00:00,10718.5,10756.5,10701.0,10733.9,121.8055435,BTC/USD,0.0016049716797146285,10716.218571103496,10603.270821616217,1.0,0.0,1.0,0.0025491667786776153,0.0037432768916254417,1.0,0.0,1.0,10595.895,67.96133169122794,10663.856331691228,10527.933668308773,0.0,-1.0,-1.0
2019-09-06 07:00:00+00:00,10733.9,10765.4,10710.3,10752.3,81.91311384,BTC/USD,0.001714195213296188,10734.259285551747,10613.25086007662,1.0,0.0,1.0,0.0018028791823933889,0.003621865834844968,1.0,0.0,1.0,10604.509999999998,76.25498016511207,10680.76498016511,10528.255019834887,0.0,-1.0,-1.0
2019-09-06 08:00:00+00:00,10754.7,10798.0,10701.9,10724.0,176.6712324,BTC/USD,-0.0026319950150199833,10729.129642775873,10620.667398812986,1.0,0.0,1.0,0.002935132106896613,0.0036148280111423098,1.0,0.0,1.0,10611.564999999999,80.55629790128371,10692.121297901282,10531.008702098716,0.0,-1.0,-1.0
2019-09-06 09:00:00+00:00,10724.0,10750.0,10710.3,10739.9,66.69504534,BTC/USD,0.0014826557254754569,10734.514821387937,10628.652049572247,1.0,0.0,1.0,0.002396286980553669,0.003497305307758896,1.0,0.0,1.0,10617.949999999999,85.51735127096883,10703.467351270967,10532.432648729031,0.0,-1.0,-1.0
2019-09-06 10:00:00+00:00,10739.9,10793.0,10739.9,10750.0,154.9272544,BTC/USD,0.0009404184396502036,10742.257410693968,10636.77835893463,1.0,0.0,1.0,0.0017153134355613368,0.0033784987714813282,1.0,0.0,1.0,10627.464999999998,89.20247975655036,10716.667479756548,10538.262520243448,0.0,-1.0,-1.0
2019-09-06 11:00:00+00:00,10750.0,10920.0,10750.0,10873.0,805.6778161000001,BTC/USD,0.011441860465116305,10807.628705346984,10652.597415823686,1.0,0.0,1.0,0.006675332379419204,0.004245362000341536,0.0,-1.0,-1.0,10642.919999999998,103.27641805512181,10746.19641805512,10539.643581944876,0.0,-1.0,-1.0
2019-09-06 12:00:00+00:00,10865.4,10947.0,10857.4,10860.8,407.7681998,BTC/USD,-0.0011220454336430263,10834.21435267349,10666.540120248043,1.0,0.0,1.0,0.0064608801841389224,0.004153977818151232,0.0,-1.0,-1.0,10659.299999999997,110.67293683348447,10769.972936833481,10548.627063166514,0.0,-1.0,-1.0
2019-09-06 13:00:00+00:00,10860.9,10889.8,10810.0,10841.8,344.1667471,BTC/USD,-0.0017494107248084978,10838.007176336745,10678.276750261826,1.0,0.0,1.0,0.005251638073879259,0.004087222742134977,0.0,-1.0,-1.0,10676.139999999996,111.57898500486688,10787.718985004863,10564.561014995128,0.0,-1.0,-1.0
2019-09-06 14:00:00+00:00,10840.8,10896.0,10835.2,10857.6,166.25293969999998,BTC/USD,0.001457322584810683,10847.803588168372,10690.285492000468,1.0,0.0,1.0,0.003773197067763503,0.003949019259434073,1.0,0.0,1.0,10691.959999999995,113.84685188528275,10805.806851885278,10578.113148114713,0.0,-1.0,-1.0
2019-09-06 15:00:00+00:00,10858.9,10919.2,10858.8,10881.7,189.7369904,BTC/USD,0.002219643383436498,10864.751794084186,10703.1039491328,1.0,0.0,1.0,0.002785747895341389,0.0038246018500880915,1.0,0.0,1.0,10709.109999999997,115.36924656341509,10824.479246563413,10593.740753436581,0.0,-1.0,-1.0
2019-09-06 16:00:00+00:00,10881.7,10936.8,10853.4,10888.4,252.21728430000005,BTC/USD,0.0006157126184327399,10876.575897042094,10715.512671479551,1.0,0.0,1.0,0.0020538918072766574,0.0036973206239253103,1.0,0.0,1.0,10727.699999999995,112.63920977583841,10840.339209775833,10615.060790224157,0.0,-1.0,-1.0
2019-09-06 17:00:00+00:00,10888.4,10893.5,10269.3,10437.6,1745.383104,BTC/USD,-0.041401858858969076,10657.087948521046,10696.901691060453,0.0,-1.0,-1.0,0.02606170768597325,0.01140236071973234,0.0,-1.0,-1.0,10721.684999999996,124.74534175451923,10846.430341754514,10596.939658245477,1.0,0.0,1.0
2019-09-06 18:00:00+00:00,10425.4,10444.0,10334.8,10364.5,610.8225213999999,BTC/USD,-0.007003525714723735,10510.793974260523,10674.64174398319,0.0,-1.0,-1.0,0.020111513985327917,0.01109664560661394,0.0,-1.0,-1.0,10710.779999999995,145.3715225858415,10856.151522585837,10565.408477414154,1.0,0.0,1.0
2019-09-06 19:00:00+00:00,10364.6,10407.2,10340.0,10383.3,331.79568539999997,BTC/USD,0.0018138839307249022,10447.046987130261,10655.131458769221,0.0,-1.0,-1.0,0.017061535573049107,0.010763508546763419,0.0,-1.0,-1.0,10701.199999999995,160.33992837580317,10861.539928375798,10540.860071624193,1.0,0.0,1.0
2019-09-06 20:00:00+00:00,10383.3,10383.3,10145.3,10351.3,850.5321031,BTC/USD,-0.003081871851916107,10399.17349356513,10634.784774724301,0.0,-1.0,-1.0,0.01218564918492465,0.010402088397288595,0.0,-1.0,-1.0,10689.559999999994,176.88485222694317,10866.444852226938,10512.67514777305,1.0,0.0,1.0
2019-09-06 21:00:00+00:00,10354.0,10430.0,10305.0,10430.0,140.24260769999998,BTC/USD,0.007602909779448108,10414.586746782565,10621.070950872698,0.0,-1.0,-1.0,0.011358484585821275,0.010332914400668993,0.0,-1.0,-1.0,10681.559999999994,185.05418381476207,10866.614183814756,10496.505816185232,1.0,0.0,1.0
2019-09-06 22:00:00+00:00,10429.4,10429.4,10252.2,10333.5,546.7779803,BTC/USD,-0.009252157238734404,10374.043373391283,10601.813184428356,0.0,-1.0,-1.0,0.010409051192562163,0.010187040203583611,0.0,-1.0,-1.0,10664.884999999995,200.79167333066172,10865.676673330656,10464.093326669334,1.0,0.0,1.0
2019-09-06 23:00:00+00:00,10332.2,10354.8,10292.7,10311.8,183.6018319,BTC/USD,-0.0020999661295786343,10342.921686695641,10582.391868917293,0.0,-1.0,-1.0,0.007437562368511301,0.00984037946567944,1.0,0.0,1.0,10647.554999999995,215.77876212498512,10863.33376212498,10431.77623787501,1.0,0.0,1.0
2019-09-07 00:00:00+00:00,10307.5,10362.0,10307.5,10348.1,91.68136878,BTC/USD,0.0035202389495530007,10345.51084334782,10566.702043246887,0.0,-1.0,-1.0,0.006593121258551857,0.009600951177601217,1.0,0.0,1.0,10629.009999999995,225.05433004869104,10854.064330048686,10403.955669951303,1.0,0.0,1.0
2019-09-07 01:00:00+00:00,10348.0,10377.7,10344.1,10347.8,120.5145854,BTC/USD,-2.8990829234465387e-05,10346.65542167391,10552.042828175447,0.0,-1.0,-1.0,0.004665722785049906,0.009280859659856842,1.0,0.0,1.0,10610.564999999993,232.48370010770864,10843.048700107702,10378.081299892285,1.0,0.0,1.0
2019-09-07 02:00:00+00:00,10347.8,10370.1,10335.0,10344.3,38.72669658,BTC/USD,-0.00033823614681383063,10345.477710836954,10538.130912364299,0.0,-1.0,-1.0,0.0033111974553128197,0.008968386316446048,1.0,0.0,1.0,10591.084999999994,237.86560397126308,10828.950603971256,10353.219396028731,1.0,0.0,1.0
2019-09-07 03:00:00+00:00,10344.3,10353.8,10330.6,10342.1,18.12524302,BTC/USD,-0.00021267751321973893,10343.788855418477,10525.00330852779,0.0,-1.0,-1.0,0.0023422482441596538,0.008667134287506604,1.0,0.0,1.0,10570.574999999993,240.89863750676233,10811.473637506755,10329.676362493232,0.0,0.0,0.0
2019-09-07 04:00:00+00:00,10342.1,10364.9,10324.3,10358.3,73.05182362,BTC/USD,0.0015664130108969943,10351.04442770924,10513.839686599891,0.0,-1.0,-1.0,0.001964983772300168,0.008401587009185137,1.0,0.0,1.0,10552.289999999994,242.51375848107068,10794.803758481065,10309.776241518923,0.0,0.0,0.0
2019-09-07 05:00:00+00:00,10358.3,10359.9,10346.1,10359.9,26.57900943,BTC/USD,0.00015446550109587953,10355.47221385462,10503.530806257255,0.0,-1.0,-1.0,0.0014294874224543956,0.00812091135875124,1.0,0.0,1.0,10533.289999999994,241.92668941771535,10775.21668941771,10291.363310582277,0.0,0.0,0.0
2019-09-07 06:00:00+00:00,10359.9,10368.0,10346.6,10351.4,28.79365351,BTC/USD,-0.0008204712400698977,10353.43610692731,10493.343061223517,0.0,-1.0,-1.0,0.001267647929868194,0.007844345034425602,1.0,0.0,1.0,10513.359999999993,239.54107306304553,10752.901073063038,10273.818926936949,0.0,0.0,0.0
2019-09-07 07:00:00+00:00,10351.4,10400.0,10340.0,10384.7,51.72449537,BTC/USD,0.003216956160519535,10369.068053463656,10486.067560394047,0.0,-1.0,-1.0,0.002274027520802316,0.007650397164952344,1.0,0.0,1.0,10488.944999999994,225.424653008929,10714.369653008924,10263.520346991065,0.0,0.0,0.0
2019-09-07 08:00:00+00:00,10386.0,10436.5,10386.0,10415.0,106.45494450000001,BTC/USD,0.0029177540034859284,10392.034026731828,10481.308378457952,0.0,-1.0,-1.0,0.0018243313224199401,0.0074455362131983956,1.0,0.0,1.0,10466.654999999995,208.0946203684805,10674.749620368475,10258.560379631515,0.0,0.0,0.0
2019-09-07 09:00:00+00:00,10415.0,10415.8,10374.9,10388.2,30.91832997,BTC/USD,-0.002573211713874146,10390.117013365914,10475.073188868093,0.0,-1.0,-1.0,0.0032029144145383427,0.0072128000880796895,1.0,0.0,1.0,10443.974999999995,188.8884128261628,10632.863412826158,10255.086587173832,0.0,0.0,0.0
2019-09-07 10:00:00+00:00,10388.2,10410.0,10351.0,10379.3,75.36764690000001,BTC/USD,-0.0008567413026320247,10384.708506682957,10468.659544897817,0.0,-1.0,-1.0,0.0023024576139216582,0.0069675102398157295,1.0,0.0,1.0,10420.059999999994,162.1494580220041,10582.209458021998,10257.91054197799,0.0,0.0,0.0
2019-09-07 11:00:00+00:00,10380.3,10436.3,10380.3,10436.3,48.76310907,BTC/USD,0.005491699825614482,10410.504253341478,10466.492522974222,0.0,-1.0,-1.0,0.00402429514459164,0.006905243751988687,1.0,0.0,1.0,10397.789999999994,120.6974638899333,10518.487463889927,10277.09253611006,0.0,0.0,0.0
2019-09-07 12:00:00+00:00,10428.0,10435.0,10380.3,10380.3,46.83695591,BTC/USD,-0.005365886377355911,10395.402126670739,10460.720467542445,0.0,-1.0,-1.0,0.005587631563453656,0.006799521438540845,1.0,0.0,1.0,10372.384999999993,35.160628025485785,10407.545628025478,10337.224371974507,0.0,0.0,0.0
2019-09-07 13:00:00+00:00,10380.3,10400.0,10375.4,10399.8,50.41541577,BTC/USD,0.001878558423166865,10397.601063335369,10456.640806066202,0.0,-1.0,-1.0,0.004442916822557101,0.0065962457469068494,1.0,0.0,1.0,10370.494999999992,32.37629859194895,10402.871298591941,10338.118701408042,0.0,0.0,0.0
2019-09-07 14:00:00+00:00,10399.2,10446.1,10394.7,10421.2,118.5679021,BTC/USD,0.002057731879459457,10409.400531667685,10454.267441300592,0.0,-1.0,-1.0,0.0033372011900265276,0.006401212092309301,1.0,0.0,1.0,10373.329999999993,34.251839750653545,10407.581839750646,10339.078160249339,0.0,-1.0,-1.0
2019-09-07 15:00:00+00:00,10425.0,10484.0,10422.6,10477.0,184.2865793,BTC/USD,0.005354469734771383,10443.200265833842,10455.789772754895,0.0,-1.0,-1.0,0.0034976398663595803,0.006342559451777764,1.0,0.0,1.0,10378.014999999994,41.35829675548602,10419.37329675548,10336.656703244507,0.0,-1.0,-1.0
2019-09-07 16:00:00+00:00,10477.0,10559.4,10370.0,10528.8,306.4283978,BTC/USD,0.004944163405554924,10486.00013291692,10460.679049271179,1.0,0.0,1.0,0.002682808167862042,0.006245627590775593,1.0,0.0,1.0,10386.889999999994,52.7889432201866,10439.67894322018,10334.101056779808,0.0,-1.0,-1.0
2019-09-07 17:00:00+00:00,10523.8,10569.1,10484.1,10505.8,204.401615,BTC/USD,-0.00218448446166708,10495.90006645846,10463.700664366534,1.0,0.0,1.0,0.0042880492893265015,0.006071183653242373,1.0,0.0,1.0,10390.679999999993,58.46303915600524,10449.143039155999,10332.216960843987,0.0,-1.0,-1.0
2019-09-07 18:00:00+00:00,10505.8,10541.5,10480.0,10488.2,107.2308675,BTC/USD,-0.0016752650916634915,10492.05003322923,10465.341311586299,1.0,0.0,1.0,0.0034334969103669588,0.005886146075878447,1.0,0.0,1.0,10398.414999999994,60.69102313737769,10459.106023137372,10337.723976862615,0.0,-1.0,-1.0
2019-09-07 19:00:00+00:00,10486.1,10526.0,10451.3,10493.3,145.7671408,BTC/USD,0.0004862607501763261,10492.675016614616,10467.21362131317,1.0,0.0,1.0,0.0024825301048066965,0.0056861775863092864,1.0,0.0,1.0,10407.489999999994,60.62763743574749,10468.117637435742,10346.862362564247,0.0,-1.0,-1.0
2019-09-07 20:00:00+00:00,10493.3,10516.6,10475.9,10507.5,80.41647773,BTC/USD,0.0013532444512214248,10500.087508307308,10469.911479580018,1.0,0.0,1.0,0.0019249895452342599,0.005500314443657268,1.0,0.0,1.0,10415.459999999994,62.846055857386176,10478.30605585738,10352.613944142608,0.0,-1.0,-1.0
2019-09-07 21:00:00+00:00,10507.5,10549.8,10478.8,10529.0,80.36263415,BTC/USD,0.0020461575065429116,10514.543754153654,10473.868461033047,1.0,0.0,1.0,0.0015887361678038271,0.005331976845334627,1.0,0.0,1.0,10424.519999999993,65.58028105418012,10490.100281054174,10358.939718945812,0.0,-1.0,-1.0
2019-09-07 22:00:00+00:00,10529.0,10533.3,10488.1,10504.0,50.69568526,BTC/USD,-0.0023743945293950297,10509.271877076826,10475.886280060906,1.0,0.0,1.0,0.0025573260799863643,0.005198346368440892,1.0,0.0,1.0,10432.504999999994,65.01874608212948,10497.523746082123,10367.486253917865,0.0,-1.0,-1.0
2019-09-07 23:00:00+00:00,10504.0,10504.0,10470.4,10483.4,92.02961032,BTC/USD,-0.001961157654226997,10496.335938538414,10476.38945140832,1.0,0.0,1.0,0.002017945769322587,0.005051569937548722,1.0,0.0,1.0,10439.569999999994,62.29820560047958,10501.868205600475,10377.271794399514,0.0,0.0,0.0
2019-09-08 00:00:00+00:00,10483.3,10524.7,10483.3,10511.2,44.92202112,BTC/USD,0.0026518114352214184,10503.767969269207,10478.720609713335,1.0,0.0,1.0,0.002772432263192514,0.004923679797800095,1.0,0.0,1.0,10447.214999999995,61.17162461371705,10508.386624613711,10386.043375386278,0.0,-1.0,-1.0
2019-09-08 01:00:00+00:00,10511.2,10528.7,10492.3,10495.4,82.17573441,BTC/USD,-0.0015031585356573007,10499.583984634603,10479.837578585104,1.0,0.0,1.0,0.00238360415049388,0.004776548441436281,1.0,0.0,1.0,10453.989999999994,58.43451485468488,10512.42451485468,10395.555485145309,0.0,0.0,0.0
2019-09-08 02:00:00+00:00,10495.5,10510.2,10482.9,10482.9,24.26177768,BTC/USD,-0.0011909979610115196,10491.2419923173,10480.042659786131,1.0,0.0,1.0,0.0017543473998022033,0.004625909067107585,1.0,0.0,1.0,10460.564999999995,53.47095891560994,10514.035958915605,10407.094041084385,0.0,0.0,0.0
2019-09-08 03:00:00+00:00,10480.0,10581.6,10472.7,10550.0,164.71115700000001,BTC/USD,0.006400900514170749,10520.62099615865,10484.727493584973,1.0,0.0,1.0,0.004576996578585025,0.00475290393060738,1.0,0.0,1.0,10468.829999999994,53.90080655569644,10522.730806555692,10414.929193444297,0.0,-1.0,-1.0
2019-09-08 04:00:00+00:00,10550.0,10599.1,10550.0,10575.4,112.6974922,BTC/USD,0.0024075829383884972,10548.010498079326,10490.799560095102,1.0,0.0,1.0,0.003245501910129157,0.004617662535613171,1.0,0.0,1.0,10476.849999999995,57.29596752584594,10534.145967525841,10419.554032474149,0.0,-1.0,-1.0
2019-09-08 05:00:00+00:00,10575.4,10575.8,10530.1,10553.7,68.66953213,BTC/USD,-0.0020519318418215082,10550.855249039663,10495.011814390213,1.0,0.0,1.0,0.0036608020039345063,0.004510742476086673,1.0,0.0,1.0,10485.124999999995,55.749117292860255,10540.874117292855,10429.375882707134,0.0,-1.0,-1.0
2019-09-08 06:00:00+00:00,10553.9,10582.4,10548.0,10577.2,12.95662958,BTC/USD,0.002226707221164137,10564.027624519833,10500.51571131598,1.0,0.0,1.0,0.0028506956835604035,0.004381441987550814,1.0,0.0,1.0,10495.019999999995,53.49469821232326,10548.514698212319,10441.525301787671,0.0,-1.0,-1.0
2019-09-08 07:00:00+00:00,10577.2,10591.2,10542.0,10542.1,23.26345889,BTC/USD,-0.003318458571266558,10553.063812259916,10503.300486730326,1.0,0.0,1.0,0.003449040679401297,0.004344252298910124,1.0,0.0,1.0,10500.309999999996,52.60617234133588,10552.91617234133,10447.70382765866,0.0,0.0,0.0
2019-09-08 08:00:00+00:00,10542.1,10548.8,10495.0,10524.9,32.18248445,BTC/USD,-0.0016315534855484426,10538.981906129957,10504.746941519277,1.0,0.0,1.0,0.0024661990918942544,0.00422426584907268,1.0,0.0,1.0,10507.539999999997,44.566678607344535,10552.106678607342,10462.973321392652,0.0,0.0,0.0
2019-09-08 09:00:00+00:00,10524.3,10558.4,10509.5,10518.5,49.86137154,BTC/USD,-0.0006080817870003363,10528.740953064978,10505.667942703558,1.0,0.0,1.0,0.0017993980290926183,0.004084916016196386,1.0,0.0,1.0,10513.474999999997,36.6672932560032,10550.142293256,10476.807706743994,0.0,0.0,0.0
2019-09-08 10:00:00+00:00,10518.5,10549.4,10507.1,10522.8,24.16507649,BTC/USD,0.000408803536625868,10525.770476532489,10506.815225330225,1.0,0.0,1.0,0.0015271221943802824,0.003946559162246598,1.0,0.0,1.0,10518.554999999997,29.559457921557826,10548.114457921554,10488.995542078439,0.0,0.0,0.0
2019-09-08 11:00:00+00:00,10522.8,10522.8,10240.9,10405.3,576.9965616000001,BTC/USD,-0.011166229520659932,10465.535238266244,10500.017054372494,0.0,-1.0,-1.0,0.006752876076817562,0.0047723808151642275,0.0,-1.0,-1.0,10514.969999999996,38.005748872418046,10552.975748872414,10476.964251127578,1.0,0.0,1.0
2019-09-08 12:00:00+00:00,10405.3,10426.0,10388.0,10406.0,82.33693686,BTC/USD,6.727340874368437e-05,10435.767619133123,10493.72101349328,0.0,-1.0,-1.0,0.005947728714414262,0.00461329282906105,0.0,-1.0,-1.0,10508.829999999996,44.94060524720434,10553.7706052472,10463.889394752792,1.0,0.0,1.0
2019-09-08 13:00:00+00:00,10406.0,10417.9,10377.1,10379.6,75.41329665,BTC/USD,-0.0025369978858350573,10407.683809566563,10486.078670613033,0.0,-1.0,-1.0,0.004209455642995997,0.004483608019749791,1.0,0.0,1.0,10502.519999999997,53.443719536349384,10555.963719536347,10449.076280463647,1.0,0.0,1.0
2019-09-08 14:00:00+00:00,10381.1,10432.3,10377.0,10423.0,51.71319444,BTC/USD,0.004181278661990806,10415.341904783281,10481.854480742277,0.0,-1.0,-1.0,0.005150418949411253,0.004506805855580545,0.0,-1.0,-1.0,10499.259999999997,56.27666993464249,10555.53666993464,10442.983330065354,1.0,0.0,1.0
2019-09-08 15:00:00+00:00,10423.0,10424.8,10391.4,10406.8,44.06483344,BTC/USD,-0.0015542550129521437,10411.070952391641,10476.828306693023,0.0,-1.0,-1.0,0.0039055608376738814,0.004363323788936138,1.0,0.0,1.0,10494.934999999996,59.96201670519311,10554.897016705188,10434.972983294803,1.0,0.0,1.0
2019-09-08 16:00:00+00:00,10406.8,10447.9,10353.0,10415.0,76.33089404,BTC/USD,0.0007879463427760136,10413.03547619582,10472.687849953767,0.0,-1.0,-1.0,0.0028562370337820147,0.0042268169416927685,1.0,0.0,1.0,10490.309999999996,62.45728561426076,10552.767285614256,10427.852714385735,1.0,0.0,1.0
2019-09-08 17:00:00+00:00,10417.1,10417.1,10375.0,10380.6,45.23184315,BTC/USD,-0.0033029284685549554,10396.81773809791,10466.521002124224,0.0,-1.0,-1.0,0.0029430356951649873,0.004149761129881923,1.0,0.0,1.0,10482.889999999996,66.31487012718743,10549.204870127183,10416.575129872808,1.0,0.0,1.0
2019-09-08 18:00:00+00:00,10378.5,10398.9,10320.8,10349.9,79.03667287,BTC/USD,-0.0029574398397010926,10373.358869048956,10458.71124248523,0.0,-1.0,-1.0,0.002251266306878595,0.004053755587065436,1.0,0.0,1.0,10475.184999999996,72.40563568489209,10547.590635684888,10402.779364315104,1.0,0.0,1.0
2019-09-08 19:00:00+00:00,10343.5,10369.7,10330.0,10354.6,93.8168397,BTC/USD,0.0004541106677360407,10363.979434524477,10451.739224026313,0.0,-1.0,-1.0,0.0022997608421173737,0.003927434214992501,1.0,0.0,1.0,10468.744999999997,77.20537529000379,10545.950375290002,10391.539624709992,1.0,0.0,1.0
2019-09-08 20:00:00+00:00,10354.6,10370.1,10336.4,10357.4,45.45328079,BTC/USD,0.000270411218202371,10360.689717262238,10445.42160841059,0.0,-1.0,-1.0,0.001777384061760988,0.003801027403424365,1.0,0.0,1.0,10461.054999999997,80.34966003915223,10541.404660039148,10380.705339960845,1.0,0.0,1.0
2019-09-08 21:00:00+00:00,10369.3,10420.0,10341.9,10415.1,137.0871851,BTC/USD,0.005570896170853823,10387.89485863112,10443.391061002958,0.0,-1.0,-1.0,0.003817385427460049,0.003992879177853088,1.0,0.0,1.0,10457.039999999997,80.5491572695114,10537.589157269509,10376.490842730485,0.0,0.0,0.0
2019-09-08 22:00:00+00:00,10419.9,10429.6,10395.6,10399.4,72.5991038,BTC/USD,-0.001507426716978344,10393.647429315559,10440.44511124768,0.0,-1.0,-1.0,0.00370117500280481,0.0038715239033975052,1.0,0.0,1.0,10452.864999999996,81.29872967860503,10534.163729678601,10371.566270321391,0.0,0.0,0.0
2019-09-08 23:00:00+00:00,10399.4,10425.0,10387.6,10408.6,53.99181535,BTC/USD,0.0008846664230628409,10401.12371465778,10438.312539412715,0.0,-1.0,-1.0,0.002624658664358482,0.003751227673212674,1.0,0.0,1.0,10445.794999999996,78.50734779548593,10524.302347795483,10367.28765220451,0.0,0.0,0.0
2019-09-09 00:00:00+00:00,10398.9,10415.0,10382.9,10402.3,33.22829259,BTC/USD,-0.0006052687200969187,10401.71185732889,10435.90088738052,0.0,-1.0,-1.0,0.0020261916235167496,0.0036249458861365665,1.0,0.0,1.0,10437.139999999996,72.80140542301255,10509.94140542301,10364.338594576982,0.0,0.0,0.0
2019-09-09 01:00:00+00:00,10402.3,10409.5,10382.9,10398.4,33.06242258,BTC/USD,-0.00037491708564452164,10400.055928664446,10433.389565137384,0.0,-1.0,-1.0,0.0014571187471271421,0.003501680185967286,1.0,0.0,1.0,10429.374999999996,67.82698480994218,10497.201984809939,10361.548015190054,0.0,0.0,0.0
2019-09-09 02:00:00+00:00,10398.4,10403.0,10305.1,10322.1,219.24144130000002,BTC/USD,-0.007337667333435882,10361.077964332224,10425.936835885454,0.0,-1.0,-1.0,0.004515643862095655,0.003835039020440758,0.0,-1.0,-1.0,10416.619999999995,62.32824484333406,10478.94824484333,10354.29175515666,1.0,0.0,1.0
2019-09-09 03:00:00+00:00,10321.7,10342.3,10275.0,10310.7,172.7451295,BTC/USD,-0.0011044264248554203,10335.888982166112,10418.219769719983,0.0,-1.0,-1.0,0.0035799496072303166,0.003705769606486207,1.0,0.0,1.0,10405.049999999996,59.2087786875557,10464.258778687552,10345.84122131244,1.0,0.0,1.0
2019-09-09 04:00:00+00:00,10310.7,10334.7,10257.0,10327.3,173.6702196,BTC/USD,0.0016099779840359485,10331.594491083055,10412.131144730598,0.0,-1.0,-1.0,0.0035379318019972917,0.003628930536341394,1.0,0.0,1.0,10395.169999999995,54.45261677525024,10449.622616775245,10340.717383224744,1.0,0.0,1.0
2019-09-09 05:00:00+00:00,10327.3,10334.9,10299.0,10306.3,37.10937204,BTC/USD,-0.002033445334211237,10318.947245541527,10405.043949564588,0.0,-1.0,-1.0,0.0026924225694253063,0.0035248088236247387,1.0,0.0,1.0,10384.559999999994,49.61579120431822,10434.175791204312,10334.944208795676,1.0,0.0,1.0
2019-09-09 06:00:00+00:00,10306.3,10306.3,10225.6,10250.0,129.4927128,BTC/USD,-0.005462678167722612,10284.473622770764,10394.661120080335,0.0,-1.0,-1.0,0.0032205954074174883,0.0036159879172443735,1.0,0.0,1.0,10370.919999999995,47.04304411907034,10417.963044119066,10323.876955880924,1.0,0.0,1.0
2019-09-09 07:00:00+00:00,10256.2,10265.8,10073.2,10143.0,516.1040001,BTC/USD,-0.010439024390243912,10213.73681138538,10377.808127719643,0.0,-1.0,-1.0,0.0049066781771974835,0.0042392030381652535,0.0,-1.0,-1.0,10357.804999999997,68.58471116256415,10426.389711162561,10289.220288837432,1.0,0.0,1.0
2019-09-09 08:00:00+00:00,10143.0,10152.0,10051.0,10141.5,272.6127507,BTC/USD,-0.00014788524105291412,10177.61840569269,10361.983279328604,0.0,-1.0,-1.0,0.005393114242889138,0.004112094578083959,0.0,-1.0,-1.0,10344.579999999996,82.82526693041724,10427.405266930413,10261.75473306958,1.0,0.0,1.0
2019-09-09 09:00:00+00:00,10141.5,10256.0,10138.8,10240.9,231.06420400000002,BTC/USD,0.009801311443080385,10209.259202846344,10353.874694336044,0.0,-1.0,-1.0,0.009004479427049107,0.004907836963741911,0.0,-1.0,-1.0,10337.644999999995,85.50214817240023,10423.147148172395,10252.142851827595,1.0,0.0,1.0
2019-09-09 10:00:00+00:00,10240.9,10252.0,10197.2,10250.8,110.239488,BTC/USD,0.0009667119100860155,10230.029601423172,10346.972090407296,0.0,-1.0,-1.0,0.006504867113167472,0.004761221452131933,0.0,-1.0,-1.0,10329.034999999994,85.12395466544575,10414.15895466544,10243.91104533455,0.0,0.0,0.0
2019-09-09 11:00:00+00:00,10250.8,10523.0,10226.9,10422.3,520.0194862,BTC/USD,0.016730401529636785,10326.164800711585,10352.016575167052,0.0,-1.0,-1.0,0.010096114092269154,0.006380673084271108,0.0,-1.0,-1.0,10329.809999999994,85.93590573635063,10415.745905736345,10243.874094263643,0.0,-1.0,-1.0
2019-09-09 12:00:00+00:00,10422.3,10430.0,10349.0,10363.3,271.53824489999994,BTC/USD,-0.0056609385644244,10344.732400355791,10352.772192373408,0.0,-1.0,-1.0,0.011659291544837493,0.006360122096001816,0.0,-1.0,-1.0,10327.224999999995,83.99411555197541,10411.21911555197,10243.23088444802,0.0,0.0,0.0
2019-09-09 13:00:00+00:00,10361.2,10386.1,10323.0,10330.4,157.555097,BTC/USD,-0.0031746644408634506,10337.566200177895,10351.273993577257,0.0,-1.0,-1.0,0.00880319053539837,0.006199586810849528,0.0,-1.0,-1.0,10324.714999999993,83.06003076399959,10407.775030763993,10241.654969235993,0.0,0.0,0.0
2019-09-09 14:00:00+00:00,10330.5,10369.8,10306.3,10341.7,216.293084,BTC/USD,0.00109385890188185,10339.633100088948,10350.632851868288,0.0,-1.0,-1.0,0.006316201738451347,0.0059963963886018115,0.0,-1.0,-1.0,10324.304999999995,82.94933440925023,10407.254334409245,10241.355665590745,0.0,0.0,0.0
2019-09-09 15:00:00+00:00,10341.7,10372.0,10316.3,10326.9,96.96721744,BTC/USD,-0.001431099335699293,10333.266550044475,10349.043533776237,0.0,-1.0,-1.0,0.004579201428458967,0.005802923169407344,1.0,0.0,1.0,10322.919999999995,82.64758155464924,10405.567581554644,10240.272418445345,0.0,0.0,0.0
2019-09-09 16:00:00+00:00,10326.9,10332.0,10177.0,10259.7,560.2629243,BTC/USD,-0.006507277111233667,10296.483275022238,10343.060464593254,0.0,-1.0,-1.0,0.004852339272089695,0.005835049273760692,1.0,0.0,1.0,10318.034999999994,83.38637573300063,10401.421375732994,10234.648624266994,0.0,0.0,0.0
2019-09-09 17:00:00+00:00,10259.7,10290.0,10231.0,10265.0,183.5463385,BTC/USD,0.0005165843055838781,10280.741637511119,10337.832988799822,0.0,-1.0,-1.0,0.004241915300460163,0.005642948448233214,1.0,0.0,1.0,10310.529999999995,80.90835035943668,10391.438350359433,10229.621649640558,0.0,0.0,0.0
2019-09-09 18:00:00+00:00,10265.0,10289.2,10251.0,10255.0,115.23225490000002,BTC/USD,-0.00097418412079886,10267.87081875556,10332.285911337462,0.0,-1.0,-1.0,0.003018049533299882,0.005452127744296426,1.0,0.0,1.0,10303.309999999994,78.98040996275945,10382.290409962754,10224.329590037234,0.0,0.0,0.0
2019-09-09 19:00:00+00:00,10255.0,10317.9,10243.0,10311.3,120.72450890000002,BTC/USD,0.005490004875670307,10289.58540937778,10330.88054763523,0.0,-1.0,-1.0,0.004644876701534748,0.005483968592066763,1.0,0.0,1.0,10298.444999999994,75.05250425354103,10373.497504253535,10223.392495746453,0.0,0.0,0.0
2019-09-09 20:00:00+00:00,10310.0,10316.9,10232.0,10237.8,219.1596523,BTC/USD,-0.00712810217916271,10263.692704688889,10324.64722181362,0.0,-1.0,-1.0,0.006547548444265449,0.005589273318717753,0.0,-1.0,-1.0,10290.219999999994,72.02471505628168,10362.244715056275,10218.195284943713,0.0,0.0,0.0
2019-09-09 21:00:00+00:00,10237.8,10278.0,10232.1,10277.9,76.46426815,BTC/USD,0.003916857137275631,10270.796352344445,10321.516700214628,0.0,-1.0,-1.0,0.0060738938013133095,0.005519193757771253,0.0,-1.0,-1.0,10284.194999999994,67.38986707363286,10351.584867073627,10216.805132926362,0.0,0.0,0.0
2019-09-09 22:00:00+00:00,10277.9,10375.0,10277.9,10330.8,209.96987259999997,BTC/USD,0.005146965819865956,10300.798176172222,10322.138375029952,0.0,-1.0,-1.0,0.005083241638088955,0.005507483233536369,1.0,0.0,1.0,10284.629999999994,67.67489700178264,10352.304897001777,10216.95510299821,0.0,0.0,0.0
2019-09-09 23:00:00+00:00,10330.8,10371.5,10314.5,10314.5,55.26034866,BTC/USD,-0.0015778061718355607,10307.649088086111,10321.626855904653,0.0,-1.0,-1.0,0.004530916655560969,0.005336519171007803,1.0,0.0,1.0,10284.819999999992,67.7572260663162,10352.577226066309,10217.062773933676,0.0,0.0,0.0
2019-09-10 00:00:00+00:00,10314.5,10371.8,10305.8,10344.0,174.83684019999998,BTC/USD,0.0028600513839740493,10325.824544043055,10323.125118434702,1.0,0.0,1.0,0.003472144928140125,0.005207034288387845,1.0,0.0,1.0,10285.654999999993,68.40805181133952,10354.063051811332,10217.246948188655,0.0,0.0,0.0
2019-09-10 01:00:00+00:00,10344.0,10388.0,10333.9,10333.9,98.84206529,BTC/USD,-0.0009764114462490481,10329.862272021528,10323.846680019706,1.0,0.0,1.0,0.0029750393426232,0.005037971320923905,1.0,0.0,1.0,10287.034999999993,69.12111624183751,10356.15611624183,10217.913883758156,0.0,0.0,0.0
2019-09-10 02:00:00+00:00,10333.9,10359.2,10285.0,10285.1,117.5608584,BTC/USD,-0.0047223216791336675,10307.481136010763,10321.251930770804,0.0,-1.0,-1.0,0.003774551049058854,0.005017647235771313,1.0,0.0,1.0,10288.789999999994,68.5747375610742,10357.364737561067,10220.21526243892,0.0,0.0,0.0
2019-09-10 03:00:00+00:00,10285.1,10314.0,10271.6,10301.5,80.66867969,BTC/USD,0.0015945396738972217,10304.490568005382,10319.929203055664,0.0,-1.0,-1.0,0.0035241345926175617,0.004869090930433094,1.0,0.0,1.0,10296.714999999993,59.38195078421083,10356.096950784204,10237.333049215782,0.0,0.0,0.0
2019-09-10 04:00:00+00:00,10301.5,10327.5,10279.3,10301.0,89.59941754,BTC/USD,-4.853662088044608e-05,10302.74528400269,10318.661570954391,0.0,-1.0,-1.0,0.002496123613720281,0.004703262175053403,1.0,0.0,1.0,10304.689999999993,46.82147393070315,10351.511473930696,10257.868526069291,0.0,0.0,0.0
2019-09-10 05:00:00+00:00,10301.0,10306.0,10255.0,10273.3,83.31977519,BTC/USD,-0.002689059314629705,10288.022642001346,10315.62384224829,0.0,-1.0,-1.0,0.0023455421917269108,0.004590170919030215,1.0,0.0,1.0,10306.309999999994,45.02422622721313,10351.334226227207,10261.28577377278,0.0,0.0,0.0
2019-09-10 06:00:00+00:00,10273.3,10273.3,10239.0,10268.0,57.73861024,BTC/USD,-0.0005159004409488466,10278.011321000673,10312.434616001306,0.0,-1.0,-1.0,0.0017500295127270418,0.004434208108918939,1.0,0.0,1.0,10307.169999999995,44.06212241335823,10351.232122413352,10263.107877586637,0.0,0.0,0.0
2019-09-10 07:00:00+00:00,10268.0,10302.0,10250.0,10279.2,57.32844361,BTC/USD,0.0010907674328008987,10278.605660500336,10310.208993190216,0.0,-1.0,-1.0,0.0017682421470711618,0.004297726654251157,1.0,0.0,1.0,10300.014999999996,35.087458773027755,10335.102458773024,10264.927541226967,0.0,0.0,0.0
2019-09-10 08:00:00+00:00,10279.2,10288.0,10253.4,10263.9,40.50942575,BTC/USD,-0.0014884426803642992,10271.252830250167,10307.107818451244,0.0,-1.0,-1.0,0.0015690272056765797,0.004164137392491307,1.0,0.0,1.0,10295.044999999995,32.6034785840503,10327.648478584046,10262.441521415943,0.0,0.0,0.0
2019-09-10 09:00:00+00:00,10263.9,10288.1,10197.0,10257.1,206.52726950000002,BTC/USD,-0.0006625161975466476,10264.176415125083,10303.758944449715,0.0,-1.0,-1.0,0.0011099261819509387,0.00402339824932402,1.0,0.0,1.0,10291.379999999996,32.53981528740786,10323.919815287403,10258.840184712588,1.0,0.0,1.0
2019-09-10 10:00:00+00:00,10257.1,10279.1,10227.0,10239.0,77.94111328,BTC/USD,-0.0017646313285432091,10251.588207562541,10299.422231668588,0.0,-1.0,-1.0,0.0010248111617306129,0.0039037713533365244,1.0,0.0,1.0,10286.244999999995,32.283407421277914,10318.528407421274,10253.961592578717,1.0,0.0,1.0
2019-09-10 11:00:00+00:00,10239.0,10260.0,10227.0,10253.7,41.97070663,BTC/USD,0.0014356870788163612,10252.644103781271,10296.360350593419,0.0,-1.0,-1.0,0.0017840873651193774,0.0038000265965571324,1.0,0.0,1.0,10282.584999999995,31.573294428109605,10314.158294428105,10251.011705571886,0.0,0.0,0.0
2019-09-10 12:00:00+00:00,10253.7,10269.8,10233.6,10264.8,57.15300919,BTC/USD,0.0010825360601538492,10258.722051890636,10294.246848328086,0.0,-1.0,-1.0,0.0013964769135465418,0.0036871461859069653,1.0,0.0,1.0,10282.839999999995,31.398850129664726,10314.23885012966,10251.44114987033,0.0,0.0,0.0
2019-09-10 13:00:00+00:00,10258.5,10264.7,10227.0,10240.5,99.78548385,BTC/USD,-0.0023673135375262833,10249.611025945318,10290.647582681166,0.0,-1.0,-1.0,0.002064603326095354,0.0036040666015829483,1.0,0.0,1.0,10281.614999999994,32.586940797163,10314.201940797157,10249.028059202832,1.0,0.0,1.0
2019-09-10 14:00:00+00:00,10238.5,10239.0,10181.0,10203.3,181.9619729,BTC/USD,-0.0036326351252381484,10226.455512972658,10284.798176372418,0.0,-1.0,-1.0,0.0022267637958870742,0.0035804845128016237,1.0,0.0,1.0,10279.029999999995,36.61140317028049,10315.641403170275,10242.418596829715,1.0,0.0,1.0
2019-09-10 15:00:00+00:00,10202.8,10216.0,10150.0,10169.7,230.3367464,BTC/USD,-0.003293052247802075,10198.07775648633,10277.09039582107,0.0,-1.0,-1.0,0.0016969455364383946,0.0035275570036502487,1.0,0.0,1.0,10271.949999999995,43.15008690595791,10315.100086905954,10228.799913094037,1.0,0.0,1.0
2019-09-10 16:00:00+00:00,10169.7,10226.0,10169.6,10221.0,160.09244280000001,BTC/USD,0.005044396589869882,10209.538878243166,10273.33418980936,0.0,-1.0,-1.0,0.004937273246206231,0.003712217708979777,0.0,-1.0,-1.0,10271.109999999997,44.00492675757005,10315.114926757567,10227.105073242426,1.0,0.0,1.0
2019-09-10 17:00:00+00:00,10221.0,10345.0,10193.1,10206.4,72.32309064,BTC/USD,-0.001428431660307261,10207.969439121582,10268.851807353858,0.0,-1.0,-1.0,0.0038276096862039327,0.0035960859344593334,0.0,-1.0,-1.0,10267.534999999996,46.27031872300696,10313.805318723003,10221.264681276989,1.0,0.0,1.0
2019-09-10 18:00:00+00:00,10205.9,10295.8,10191.6,10191.6,84.62190369,BTC/USD,-0.0014500705439723927,10199.78471956079,10263.67848491693,0.0,-1.0,-1.0,0.00282167187287353,0.0034832710409417192,1.0,0.0,1.0,10260.574999999997,46.72018469448399,10307.295184694482,10213.854815305513,1.0,0.0,1.0
2019-09-10 19:00:00+00:00,10191.6,10200.3,9938.1,10006.0,1061.793127,BTC/USD,-0.01821107578790382,10102.892359780395,10246.422527636512,0.0,-1.0,-1.0,0.01084795855405057,0.00562383554437129,0.0,-1.0,-1.0,10245.149999999998,72.04335317594813,10317.193353175946,10173.10664682405,1.0,0.0,1.0
2019-09-10 20:00:00+00:00,10006.0,10072.8,9980.0,10056.5,494.3591585,BTC/USD,0.00504697181690994,10079.696179890198,10233.703984120786,0.0,-1.0,-1.0,0.011757871040358558,0.005695819502725549,0.0,-1.0,-1.0,10230.774999999998,79.57100023840323,10310.346000238402,10151.203999761594,1.0,0.0,1.0
2019-09-10 21:00:00+00:00,10056.5,10115.0,10040.0,10100.0,284.3427661,BTC/USD,0.0043255605827077215,10089.848089945099,10224.750228284514,0.0,-1.0,-1.0,0.00923224458870373,0.005680680382589077,0.0,-1.0,-1.0,10219.079999999998,80.79578284977889,10299.875782849776,10138.28421715022,1.0,0.0,1.0
2019-09-10 22:00:00+00:00,10100.0,10111.0,10057.5,10078.4,106.52624009999998,BTC/USD,-0.0021386138613861405,10084.124044972548,10214.949591308301,0.0,-1.0,-1.0,0.006813651534704212,0.005496787987688829,0.0,-1.0,-1.0,10208.744999999997,85.01615620446817,10293.761156204466,10123.728843795529,1.0,0.0,1.0
2019-09-10 23:00:00+00:00,10078.4,10114.2,10039.9,10094.5,270.7703623,BTC/USD,0.001597475789807845,10089.312022486274,10206.883442507697,0.0,-1.0,-1.0,0.00499344521534356,0.005348861757826444,1.0,0.0,1.0,10198.394999999997,85.72697465911065,10284.121974659107,10112.668025340887,1.0,0.0,1.0
2019-09-11 00:00:00+00:00,10094.5,10250.0,10085.0,10137.0,606.1583243,BTC/USD,0.004210213482589431,10113.156011243136,10202.203557421808,0.0,-1.0,-1.0,0.004190087973046176,0.005320144172289347,1.0,0.0,1.0,10190.194999999996,83.20233090733994,10273.397330907335,10106.992669092657,0.0,0.0,0.0
2019-09-11 01:00:00+00:00,10135.8,10144.9,10070.4,10075.7,199.6843639,BTC/USD,-0.006047153990332399,10094.428005621568,10193.731992621253,0.0,-1.0,-1.0,0.005944338328793213,0.005333064366054468,0.0,-1.0,-1.0,10180.314999999999,84.53597972706463,10264.850979727064,10095.779020272934,1.0,0.0,1.0
2019-09-11 02:00:00+00:00,10071.9,10092.3,10055.0,10063.3,105.8117142,BTC/USD,-0.0012306837242078705,10078.864002810784,10184.99735226745,0.0,-1.0,-1.0,0.0042197829219317515,0.005152470844083775,1.0,0.0,1.0,10170.079999999998,85.74412731152447,10255.824127311522,10084.335872688474,1.0,0.0,1.0
2019-09-11 03:00:00+00:00,10063.3,10108.4,10063.3,10080.3,86.11411995,BTC/USD,0.001689306688660741,10079.582001405392,10177.986083792033,0.0,-1.0,-1.0,0.003577994334721597,0.005018566572971849,1.0,0.0,1.0,10160.134999999997,83.9374032114931,10244.07240321149,10076.197596788503,0.0,0.0,0.0
2019-09-11 04:00:00+00:00,10080.4,10080.4,10035.5,10043.7,134.8248032,BTC/USD,-0.0036308443201094054,10061.641000702697,10168.993346482186,0.0,-1.0,-1.0,0.0033995401372223766,0.004905565270575956,1.0,0.0,1.0,10149.124999999996,84.05192552348085,10233.176925523478,10065.073074476515,1.0,0.0,1.0
2019-09-11 05:00:00+00:00,10043.7,10057.6,9953.2,10012.3,188.5800289,BTC/USD,-0.003126337903362475,10036.970500351348,10158.500061822126,0.0,-1.0,-1.0,0.0025419164255904895,0.004772994523041791,1.0,0.0,1.0,10136.884999999997,85.31549051049939,10222.200490510497,10051.569509489496,1.0,0.0,1.0
2019-09-11 06:00:00+00:00,10012.3,10025.0,9886.5,9987.7,418.0087382,BTC/USD,-0.0024569779171617068,10012.335250175674,10147.062092636508,0.0,-1.0,-1.0,0.0017974093564056212,0.004624789158469481,1.0,0.0,1.0,10124.319999999996,87.94945677696433,10212.269456776961,10036.37054322303,1.0,0.0,1.0
2019-09-11 07:00:00+00:00,9987.7,10057.6,9975.4,10046.9,348.9835707,BTC/USD,0.005927290567397714,10029.617625087838,10140.354536931194,0.0,-1.0,-1.0,0.00528766726956793,0.0048136556863219255,0.0,-1.0,-1.0,10113.979999999996,84.00607496826522,10197.986074968261,10029.97392503173,0.0,0.0,0.0
2019-09-11 08:00:00+00:00,10046.9,10060.0,9995.0,9995.0,124.36264640000002,BTC/USD,-0.005165772526849022,10012.308812543919,10130.620578426313,0.0,-1.0,-1.0,0.0056431574712512205,0.004789605590133197,0.0,-1.0,-1.0,10100.489999999996,80.08329808127326,10180.57329808127,10020.406701918722,1.0,0.0,1.0
2019-09-11 09:00:00+00:00,9995.0,10015.0,9980.0,9999.6,185.53839630000002,BTC/USD,0.0004602301150575805,10005.95440627196,10121.846522241947,0.0,-1.0,-1.0,0.004206706468586004,0.00464036460137648,1.0,0.0,1.0,10088.444999999996,75.92507023025395,10164.37007023025,10012.519929769742,1.0,0.0,1.0
2019-09-11 10:00:00+00:00,9999.6,10100.1,9999.6,10087.3,174.28799750000002,BTC/USD,0.008770350814032435,10046.62720313598,10119.533044994587,0.0,-1.0,-1.0,0.006478112868248431,0.005107782229823139,0.0,-1.0,-1.0,10082.644999999997,70.95756682320143,10153.602566823198,10011.687433176796,0.0,0.0,0.0
2019-09-11 11:00:00+00:00,10087.3,10125.0,10060.0,10062.3,125.26435459999999,BTC/USD,-0.0024783638832988064,10054.46360156799,10115.700319186044,0.0,-1.0,-1.0,0.006088604523842516,0.004967374647438809,0.0,-1.0,-1.0,10077.274999999996,68.02598477977861,10145.300984779775,10009.249015220217,0.0,0.0,0.0
2019-09-11 12:00:00+00:00,10062.3,10091.6,10040.0,10091.6,108.63386990000001,BTC/USD,0.002911859117696869,10073.031800783996,10114.08639290714,0.0,-1.0,-1.0,0.004495933162423596,0.004869992244308883,1.0,0.0,1.0,10070.804999999997,59.22049320788455,10130.02549320788,10011.584506792113,0.0,0.0,0.0
2019-09-11 13:00:00+00:00,10091.6,10092.0,10006.4,10032.0,191.6758082,BTC/USD,-0.0059059019382456945,10052.515900391998,10108.589312738597,0.0,-1.0,-1.0,0.005717437135660457,0.00492719127976434,0.0,-1.0,-1.0,10062.084999999995,50.384482521339365,10112.469482521336,10011.700517478655,0.0,0.0,0.0
2019-09-11 14:00:00+00:00,10032.0,10055.0,9973.8,10025.5,328.7008678,BTC/USD,-0.0006479266347687584,10039.007950195999,10103.025070029213,0.0,-1.0,-1.0,0.004129955258081675,0.004759447455362935,1.0,0.0,1.0,10053.779999999995,40.66434620927199,10094.444346209268,10013.115653790723,0.0,0.0,0.0
2019-09-11 15:00:00+00:00,10025.5,10026.5,9973.9,9980.1,174.2475917,BTC/USD,-0.004528452446261988,10009.553975097999,10094.793145824204,0.0,-1.0,-1.0,0.0035139811952359153,0.004708082692970047,1.0,0.0,1.0,10052.484999999997,42.630891628590305,10095.115891628588,10009.854108371406,1.0,0.0,1.0
2019-09-11 16:00:00+00:00,9980.2,10112.9,9930.0,10045.1,646.007834,BTC/USD,0.006512960791976052,10027.326987549,10091.465344507222,0.0,-1.0,-1.0,0.00629535430653806,0.004914064715342492,0.0,-1.0,-1.0,10051.914999999997,42.65059109846687,10094.565591098464,10009.26440890153,0.0,0.0,0.0
2019-09-11 17:00:00+00:00,10045.1,10075.8,10043.0,10050.2,142.9713629,BTC/USD,0.0005077102268769007,10038.7634937745,10088.701927832362,0.0,-1.0,-1.0,0.004520230584372796,0.004751287717521603,1.0,0.0,1.0,10049.424999999997,41.12187118152237,10090.54687118152,10008.303128818476,0.0,0.0,0.0
2019-09-11 18:00:00+00:00,10050.1,10116.9,10050.1,10070.1,153.2287441,BTC/USD,0.0019800600983064243,10054.43174688725,10087.456212373778,0.0,-1.0,-1.0,0.0032365544287049275,0.004624690723496132,1.0,0.0,1.0,10049.009999999998,40.8550827862303,10089.86508278623,10008.154917213767,0.0,0.0,0.0
2019-09-11 19:00:00+00:00,10070.1,10098.7,10045.0,10080.4,173.05004240000002,BTC/USD,0.0010228299619665648,10067.415873443624,10086.983678940023,0.0,-1.0,-1.0,0.002312502413463643,0.004476444477541313,1.0,0.0,1.0,10048.304999999997,40.14425927362017,10088.449259273617,10008.160740726376,0.0,0.0,0.0
2019-09-11 20:00:00+00:00,10080.4,10120.0,10060.0,10094.9,160.5476294,BTC/USD,0.0014384349827387677,10081.157936721811,10087.513811279445,0.0,-1.0,-1.0,0.0016375876751758404,0.004340160314131009,1.0,0.0,1.0,10046.199999999997,36.15415823789619,10082.354158237893,10010.045841762101,0.0,-1.0,-1.0
2019-09-11 21:00:00+00:00,10094.3,10178.9,10073.5,10156.7,252.8392844,BTC/USD,0.006121903139209017,10118.928968360906,10092.14700336504,1.0,0.0,1.0,0.0031341113462483804,0.0044665937720687965,1.0,0.0,1.0,10050.249999999996,43.4361539927308,10093.686153992727,10006.813846007266,0.0,-1.0,-1.0
2019-09-11 22:00:00+00:00,10166.0,10177.2,10130.1,10145.9,112.21527490000001,BTC/USD,-0.0010633375013539004,10132.414484180452,10095.746680745622,1.0,0.0,1.0,0.0036847896975451635,0.0043320472437054875,1.0,0.0,1.0,10054.379999999997,48.38702087822342,10102.76702087822,10005.992979121775,0.0,-1.0,-1.0
2019-09-11 23:00:00+00:00,10145.9,10163.3,10105.0,10160.7,166.2295745,BTC/USD,0.0014587173143831844,10146.557242090226,10100.096410225851,1.0,0.0,1.0,0.002606548359816344,0.004193682364990048,1.0,0.0,1.0,10058.399999999998,53.701739656189424,10112.101739656187,10004.698260343808,0.0,-1.0,-1.0
2019-09-12 00:00:00+00:00,10160.7,10219.0,10136.2,10146.5,251.19185499999998,BTC/USD,-0.001397541507967004,10146.528621045112,10103.203919814985,1.0,0.0,1.0,0.0025161231889302377,0.004077730872245501,1.0,0.0,1.0,10063.539999999997,57.03682466982926,10120.576824669826,10006.503175330168,0.0,-1.0,-1.0
2019-09-12 01:00:00+00:00,10146.5,10175.6,10115.0,10121.2,134.8081305,BTC/USD,-0.002493470654905572,10133.864310522556,10104.409063469042,1.0,0.0,1.0,0.0023449541860070347,0.004003218795382346,1.0,0.0,1.0,10068.984999999999,57.08579208428686,10126.070792084285,10011.899207915712,0.0,0.0,0.0
2019-09-12 02:00:00+00:00,10121.2,10130.7,10085.0,10110.0,171.6066767,BTC/USD,-0.0011065881516026943,10121.932155261278,10104.783471763029,1.0,0.0,1.0,0.001660336916554817,0.0038796139516752482,1.0,0.0,1.0,10075.099999999999,54.407855469938355,10129.507855469938,10020.69214453006,0.0,0.0,0.0
2019-09-12 03:00:00+00:00,10110.0,10129.7,10090.0,10106.8,69.53113518,BTC/USD,-0.0003165182987142634,10114.366077630639,10104.91851262654,1.0,0.0,1.0,0.0012867177184850013,0.003748597397393212,1.0,0.0,1.0,10078.094999999998,54.42248446905948,10132.517484469057,10023.672515530938,0.0,0.0,0.0
2019-09-12 04:00:00+00:00,10106.8,10125.0,10070.0,10082.0,67.26206177,BTC/USD,-0.002453793485573952,10098.18303881532,10103.383728397512,0.0,-1.0,-1.0,0.0013859773867247057,0.0036752866725672023,1.0,0.0,1.0,10082.444999999998,50.78662769496561,10133.231627694964,10031.658372305032,0.0,0.0,0.0
2019-09-12 05:00:00+00:00,10082.1,10100.0,10074.0,10083.8,12.90337983,BTC/USD,0.00017853600476080977,10090.99151940766,10102.072264692173,0.0,-1.0,-1.0,0.0014652086589605731,0.0035510393143264973,1.0,0.0,1.0,10086.654999999997,46.898776496167805,10133.553776496165,10039.75622350383,0.0,0.0,0.0
2019-09-12 06:00:00+00:00,10083.8,10083.8,10040.1,10059.4,121.12115759999999,BTC/USD,-0.0024197227235763785,10075.19575970383,10099.214630781385,0.0,-1.0,-1.0,0.0014726093836255746,0.003479528147609423,1.0,0.0,1.0,10085.259999999998,47.29187534534476,10132.551875345343,10037.968124654653,0.0,0.0,0.0
2019-09-12 07:00:00+00:00,10059.4,10080.0,10055.8,10077.6,18.97169032,BTC/USD,0.0018092530369604454,10076.397879851917,10097.767163618917,0.0,-1.0,-1.0,0.0023139880447353885,0.003402612863699098,1.0,0.0,1.0,10086.024999999998,47.02391189032537,10133.048911890322,10039.001088109673,0.0,0.0,0.0
2019-09-12 08:00:00+00:00,10077.6,10145.0,10055.2,10145.0,222.58622480000002,BTC/USD,0.006688100341351033,10110.698939925958,10100.930205372591,1.0,0.0,1.0,0.004341072996317008,0.003717104556058369,0.0,-1.0,-1.0,10088.694999999998,48.83813733026774,10137.533137330265,10039.85686266973,0.0,-1.0,-1.0
2019-09-12 09:00:00+00:00,10145.0,10165.0,10117.0,10125.2,115.7906107,BTC/USD,-0.0019517003449974757,10117.94946996298,10102.555480914807,1.0,0.0,1.0,0.004492548448705852,0.0036367307355662237,0.0,-1.0,-1.0,10093.355,47.573814944950016,10140.92881494495,10045.78118505505,0.0,0.0,0.0
2019-09-12 10:00:00+00:00,10125.1,10170.0,10123.1,10155.6,90.01382001,BTC/USD,0.0030024098289416212,10136.774734981489,10106.107713673313,1.0,0.0,1.0,0.0034689495189238182,0.0035860736607997196,1.0,0.0,1.0,10099.859999999999,46.693811153033984,10146.553811153033,10053.166188846964,0.0,-1.0,-1.0
2019-09-12 11:00:00+00:00,10152.5,10186.6,10140.0,10169.3,70.99514277,BTC/USD,0.0013490094135253372,10153.037367490744,10110.339512046563,1.0,0.0,1.0,0.0024731499254892304,0.0034730770144499007,1.0,0.0,1.0,10109.319999999998,39.81242334531584,10149.132423345314,10069.507576654682,0.0,-1.0,-1.0
2019-09-12 12:00:00+00:00,10169.2,10239.0,10169.2,10239.0,210.00972119999997,BTC/USD,0.006853962416292214,10196.018683745373,10118.955520032225,1.0,0.0,1.0,0.0036582917492271735,0.0037322882194682013,1.0,0.0,1.0,10119.014999999998,46.412558134911336,10165.427558134908,10072.602441865087,0.0,-1.0,-1.0
2019-09-12 13:00:00+00:00,10236.2,10359.8,10225.0,10354.9,479.54881910000006,BTC/USD,0.011319464791483602,10275.459341872687,10134.75601601908,1.0,0.0,1.0,0.005053442261010701,0.00448158074670768,0.0,-1.0,-1.0,10134.249999999996,67.7427448047318,10201.992744804727,10066.507255195265,0.0,-1.0,-1.0
2019-09-12 14:00:00+00:00,10349.5,10357.9,10278.0,10314.5,233.4284687,BTC/USD,-0.0039015345392036105,10294.979670936344,10146.792932915545,1.0,0.0,1.0,0.00799349478287423,0.004546133097081713,0.0,-1.0,-1.0,10146.469999999998,76.9759983097596,10223.445998309757,10069.494001690238,0.0,-1.0,-1.0
2019-09-12 15:00:00+00:00,10314.5,10370.0,10299.8,10330.1,215.30335519999997,BTC/USD,0.0015124339522032404,10312.539835468171,10159.06845882836,1.0,0.0,1.0,0.005658222092531809,0.004392038996318702,0.0,-1.0,-1.0,10158.954999999998,85.47637700739496,10244.431377007393,10073.478622992603,0.0,-1.0,-1.0
2019-09-12 16:00:00+00:00,10330.1,10357.7,10248.1,10278.5,278.4065332,BTC/USD,-0.0049951113735589026,10295.519917734086,10167.066431856778,1.0,0.0,1.0,0.005739381094304508,0.004526805316086987,0.0,-1.0,-1.0,10168.134999999998,88.05516378052738,10256.190163780526,10080.079836219471,0.0,-1.0,-1.0
2019-09-12 17:00:00+00:00,10284.5,10307.7,10270.1,10299.8,95.50602455,BTC/USD,0.0020722868122780014,10297.659958867043,10175.955201837978,1.0,0.0,1.0,0.00465026896852807,0.004384638215686701,0.0,-1.0,-1.0,10175.289999999997,92.76499963827462,10268.054999638272,10082.525000361722,0.0,-1.0,-1.0
2019-09-12 18:00:00+00:00,10299.8,10356.1,10299.7,10309.6,311.35166739999994,BTC/USD,0.0009514747859182826,10303.629979433521,10184.90499416756,1.0,0.0,1.0,0.00331872970310262,0.004235318433436369,1.0,0.0,1.0,10183.474999999997,97.1534536320033,10280.628453632,10086.321546367994,0.0,-1.0,-1.0
2019-09-12 19:00:00+00:00,10307.4,10335.5,10276.8,10314.9,181.03120149999998,BTC/USD,0.0005140839605803915,10309.264989716761,10193.610370823319,1.0,0.0,1.0,0.002347097957563893,0.004092144745748749,1.0,0.0,1.0,10191.184999999996,101.28179175991812,10292.466791759914,10089.903208240077,0.0,-1.0,-1.0
2019-09-12 20:00:00+00:00,10314.9,10375.0,10312.2,10330.5,258.01154469999994,BTC/USD,0.0015123753017480812,10319.88249485838,10202.77745977892,1.0,0.0,1.0,0.0017612725072185598,0.003956217882146986,1.0,0.0,1.0,10200.384999999997,105.28686265324123,10305.671862653238,10095.098137346755,0.0,-1.0,-1.0
2019-09-12 21:00:00+00:00,10330.5,10445.2,10330.5,10415.9,805.4312785,BTC/USD,0.008266782827549557,10367.89124742919,10217.049638733606,1.0,0.0,1.0,0.004602714980186795,0.004255727386238163,0.0,-1.0,-1.0,10215.119999999995,113.89172882492711,10329.011728824922,10101.228271175069,0.0,-1.0,-1.0
2019-09-12 22:00:00+00:00,10415.9,10479.9,10405.0,10405.1,278.0956367,BTC/USD,-0.0010368763140966575,10386.495623714596,10229.642808868044,1.0,0.0,1.0,0.0047660657087466776,0.004157177297081648,0.0,-1.0,-1.0,10229.874999999996,118.575576055256,10348.450576055253,10111.29942394474,0.0,-1.0,-1.0
2019-09-12 23:00:00+00:00,10405.1,10420.0,10376.1,10420.0,188.6086009,BTC/USD,0.0014319900817867381,10403.247811857298,10242.390460497612,1.0,0.0,1.0,0.0033778908364436484,0.004015881172705948,1.0,0.0,1.0,10245.534999999996,122.09541685003154,10367.630416850028,10123.439583149964,0.0,-1.0,-1.0
2019-09-13 00:00:00+00:00,10419.8,10455.0,10383.4,10389.7,203.017423,BTC/USD,-0.0029078694817658013,10396.47390592865,10252.255339676181,1.0,0.0,1.0,0.0036592015398782536,0.004020610057965043,1.0,0.0,1.0,10260.919999999996,119.76828769267544,10380.688287692672,10141.15171230732,0.0,-1.0,-1.0
2019-09-13 01:00:00+00:00,10394.6,10399.9,10356.4,10356.4,94.50005657,BTC/USD,-0.003205097356035358,10376.436952964325,10259.229596025485,1.0,0.0,1.0,0.0030255154856304494,0.004026283485979466,1.0,0.0,1.0,10274.549999999997,113.9191333681996,10388.469133368197,10160.630866631798,0.0,0.0,0.0
2019-09-13 02:00:00+00:00,10356.4,10391.6,10349.0,10378.0,199.0950197,BTC/USD,0.0020856668340349938,10377.218476482161,10267.183294673625,1.0,0.0,1.0,0.003257025704930615,0.003905301225487657,1.0,0.0,1.0,10290.479999999998,104.10290758866512,10394.582907588663,10186.377092411332,0.0,0.0,0.0
2019-09-13 03:00:00+00:00,10378.0,10395.7,10365.0,10393.8,46.51788775,BTC/USD,0.0015224513393716776,10385.50923824108,10275.6624366508,1.0,0.0,1.0,0.0024665505557685515,0.0037769506513605274,1.0,0.0,1.0,10306.289999999997,93.5467510476547,10399.836751047653,10212.743248952342,0.0,0.0,0.0
2019-09-13 04:00:00+00:00,10393.8,10417.5,10355.0,10356.7,143.295094,BTC/USD,-0.0035694356250840498,10371.10461912054,10281.089279841444,1.0,0.0,1.0,0.0031947108991056683,0.003816364477732402,1.0,0.0,1.0,10316.874999999996,86.00941120471826,10402.884411204715,10230.865588795277,0.0,0.0,0.0
2019-09-13 05:00:00+00:00,10356.7,10364.3,10310.0,10324.3,148.0297412,BTC/USD,-0.0031284096285497665,10347.70230956027,10283.982972504004,1.0,0.0,1.0,0.0024988418156308826,0.003802570469760455,1.0,0.0,1.0,10326.829999999996,73.22946703409818,10400.059467034094,10253.600532965898,0.0,0.0,0.0
2019-09-13 06:00:00+00:00,10324.3,10345.0,10315.7,10334.9,39.59125847,BTC/USD,0.001026703989616795,10341.301154780136,10287.39273351525,1.0,0.0,1.0,0.002676500497782737,0.0036777829694596732,1.0,0.0,1.0,10335.794999999995,61.14113504613405,10396.93613504613,10274.65386495386,0.0,0.0,0.0
2019-09-13 07:00:00+00:00,10334.9,10335.0,10300.0,10313.2,100.41827950000001,BTC/USD,-0.002099681661167363,10327.250577390068,10289.120968948346,1.0,0.0,1.0,0.0020996933886517437,0.003606405170892803,1.0,0.0,1.0,10342.989999999996,47.45142557886284,10390.44142557886,10295.538574421133,0.0,0.0,0.0
2019-09-13 08:00:00+00:00,10313.2,10360.0,10286.6,10301.9,205.3808639,BTC/USD,-0.0010956832021100649,10314.575288695034,10289.976742428933,1.0,0.0,1.0,0.0014933203826618473,0.003498607450567885,1.0,0.0,1.0,10346.134999999997,41.96349635467042,10388.098496354667,10304.171503645326,1.0,0.0,1.0
2019-09-13 09:00:00+00:00,10301.7,10337.8,10286.6,10326.9,188.3178532,BTC/USD,0.0024267368155388436,10320.737644347517,10292.449382531184,1.0,0.0,1.0,0.0024737958255500584,0.003431184615618391,1.0,0.0,1.0,10344.734999999997,42.12245650597697,10386.857456505973,10302.61254349402,0.0,0.0,0.0
2019-09-13 10:00:00+00:00,10326.9,10345.8,10295.0,10298.9,147.7067659,BTC/USD,-0.0027113654630140926,10309.818822173758,10292.88136108581,1.0,0.0,1.0,0.002678081041838435,0.0033988258946812742,1.0,0.0,1.0,10343.954999999996,42.84995209716702,10386.804952097164,10301.105047902829,1.0,0.0,1.0
2019-09-13 11:00:00+00:00,10298.9,10325.0,10275.0,10325.0,108.78049640000002,BTC/USD,0.0025342512307140463,10317.40941108688,10295.032250249804,1.0,0.0,1.0,0.002901503938134528,0.0033432758466242518,1.0,0.0,1.0,10343.699999999995,42.95179672723753,10386.651796727232,10300.748203272758,0.0,0.0,0.0
2019-09-13 12:00:00+00:00,10324.7,10360.0,10310.1,10350.0,209.2670757,BTC/USD,0.002421307506053294,10333.70470554344,10298.71327601253,1.0,0.0,1.0,0.0022957064336027997,0.003277703769154092,1.0,0.0,1.0,10347.274999999996,40.12173416770785,10387.396734167703,10307.153265832289,0.0,0.0,0.0
2019-09-13 13:00:00+00:00,10350.0,10357.4,10310.0,10323.2,160.72976440000002,BTC/USD,-0.002589371980676214,10328.452352771721,10300.353078665035,1.0,0.0,1.0,0.0030257212375813954,0.0032540494661555223,1.0,0.0,1.0,10348.444999999996,38.98965416070733,10387.434654160703,10309.45534583929,0.0,0.0,0.0
2019-09-13 14:00:00+00:00,10323.2,10323.6,10291.8,10299.9,130.04969440000002,BTC/USD,-0.002257052076875543,10314.17617638586,10300.32273734224,1.0,0.0,1.0,0.0023935843097355708,0.003203141247094107,1.0,0.0,1.0,10347.959999999995,39.55452465957916,10387.514524659575,10308.405475340416,1.0,0.0,1.0
2019-09-13 15:00:00+00:00,10299.9,10332.9,10291.8,10317.1,81.72516175,BTC/USD,0.0016699191254285761,10315.638088192929,10301.44626043263,1.0,0.0,1.0,0.0025208498646022855,0.00312289534563455,1.0,0.0,1.0,10348.069999999996,39.460694634601296,10387.530694634597,10308.609305365395,0.0,0.0,0.0
2019-09-13 16:00:00+00:00,10317.1,10324.9,10291.8,10299.9,123.4342847,BTC/USD,-0.0016671351445658456,10307.769044096465,10301.342711997151,1.0,0.0,1.0,0.0020995684244745363,0.0030504517237367446,1.0,0.0,1.0,10346.539999999997,40.74994865987091,10387.289948659869,10305.790051340126,1.0,0.0,1.0
2019-09-13 17:00:00+00:00,10299.9,10312.6,10150.5,10225.1,555.3841256000001,BTC/USD,-0.007262206429188511,10266.434522048232,10296.236965657581,0.0,-1.0,-1.0,0.0042488038266787626,0.0034774642848767598,0.0,-1.0,-1.0,10336.999999999996,45.691897243132296,10382.691897243129,10291.308102756864,1.0,0.0,1.0
2019-09-13 18:00:00+00:00,10225.1,10243.4,10193.4,10229.8,94.25047884,BTC/USD,0.00045965320632546103,10248.117261024116,10291.787880816119,0.0,-1.0,-1.0,0.004064934909883139,0.0033676723991034603,0.0,-1.0,-1.0,10328.234999999997,48.65829593348606,10376.893295933483,10279.57670406651,1.0,0.0,1.0
2019-09-13 19:00:00+00:00,10229.8,10234.2,10192.2,10211.4,114.4162197,BTC/USD,-0.0017986666405990226,10229.758630512057,10286.404544921166,0.0,-1.0,-1.0,0.002874376417531639,0.003271657518676597,1.0,0.0,1.0,10317.804999999997,50.282815679161004,10368.087815679157,10267.522184320836,1.0,0.0,1.0
2019-09-13 20:00:00+00:00,10211.4,12000.0,8000.0,10266.5,674.1122184999999,BTC/USD,0.005395930038976093,10248.129315256028,10285.071597092976,0.0,-1.0,-1.0,0.004845706549715272,0.003500053382739293,0.0,-1.0,-1.0,10311.644999999995,48.527403815221646,10360.172403815217,10263.117596184773,0.0,0.0,0.0
2019-09-13 21:00:00+00:00,10268.0,10315.0,10248.7,10300.8,134.4187628,BTC/USD,0.003340963327326696,10274.464657628014,10286.124881183561,0.0,-1.0,-1.0,0.0035533015000329717,0.0034937105105308547,0.0,-1.0,-1.0,10308.864999999994,47.408252390589396,10356.273252390583,10261.456747609405,0.0,0.0,0.0
2019-09-13 22:00:00+00:00,10300.8,10300.9,10270.0,10295.0,99.49051426,BTC/USD,-0.000563063063062974,10284.732328814007,10286.719221340454,0.0,-1.0,-1.0,0.0031623058436567823,0.003379046865090443,1.0,0.0,1.0,10304.714999999995,44.58666634524821,10349.301666345244,10260.128333654746,0.0,0.0,0.0
2019-09-13 23:00:00+00:00,10295.0,10380.0,10280.5,10362.1,158.966722,BTC/USD,0.0065177270519669595,10323.416164407005,10291.767246582911,1.0,0.0,1.0,0.004049358525737499,0.0036535146012943213,0.0,-1.0,-1.0,10303.129999999996,41.724725725103895,10344.8547257251,10261.405274274892,0.0,-1.0,-1.0
2019-09-14 00:00:00+00:00,10362.2,10384.4,10330.0,10333.0,151.84583519999998,BTC/USD,-0.0028083110566391456,10328.208082203502,10294.528480729954,1.0,0.0,1.0,0.004937949648590349,0.003627881983573942,0.0,-1.0,-1.0,10301.944999999996,40.44000722309005,10342.385007223085,10261.504992776907,0.0,0.0,0.0
2019-09-14 01:00:00+00:00,10333.0,10340.0,10321.5,10322.8,54.39502583,BTC/USD,-0.000987128617052191,10325.50404110175,10296.421739800178,1.0,0.0,1.0,0.0036048537190302527,0.0035190047675352997,0.0,-1.0,-1.0,10301.869999999995,40.397734433523254,10342.267734433519,10261.472265566472,0.0,0.0,0.0
2019-09-14 02:00:00+00:00,10322.8,10340.7,10307.0,10307.0,61.2124818,BTC/USD,-0.001530592474909831,10316.252020550875,10297.130134240506,1.0,0.0,1.0,0.0026659607894219776,0.003427247795396833,1.0,0.0,1.0,10300.474999999995,39.67232729024905,10340.147327290244,10260.802672709746,0.0,0.0,0.0
2019-09-14 03:00:00+00:00,10307.0,10310.0,10297.1,10309.2,31.92044262,BTC/USD,0.00021344717182514295,10312.726010275437,10297.938417042973,1.0,0.0,1.0,0.002003178776073842,0.0033106877580899386,1.0,0.0,1.0,10300.274999999996,39.61484138410501,10339.889841384102,10260.66015861589,0.0,0.0,0.0
2019-09-14 04:00:00+00:00,10309.2,10309.4,10280.0,10292.1,57.82321537,BTC/USD,-0.001658712606215862,10302.413005137718,10297.547435719445,1.0,0.0,1.0,0.001630561064645607,0.0032285446493905464,1.0,0.0,1.0,10299.784999999996,39.65427268401639,10339.439272684012,10260.13072731598,0.0,0.0,0.0
2019-09-14 05:00:00+00:00,10292.1,10320.0,10290.0,10307.6,41.99489339,BTC/USD,0.0015060094635690469,10305.00650256886,10298.2206258767,1.0,0.0,1.0,0.0019191033584615499,0.0031430059621850234,1.0,0.0,1.0,10298.819999999996,39.191830512754095,10338.01183051275,10259.628169487241,0.0,0.0,0.0
2019-09-14 06:00:00+00:00,10307.6,10312.5,10292.7,10303.8,13.24483158,BTC/USD,-0.0003686600178509636,10304.40325128443,10298.594259870833,1.0,0.0,1.0,0.0014094617685141,0.0030380073061732336,1.0,0.0,1.0,10299.064999999997,39.20766942956869,10338.272669429565,10259.857330570429,0.0,0.0,0.0
2019-09-14 07:00:00+00:00,10303.8,10338.0,10292.0,10335.0,75.01758095,BTC/USD,0.003028009084027339,10319.701625642214,10301.032243378173,1.0,0.0,1.0,0.002136292122860245,0.0030312609248129333,1.0,0.0,1.0,10299.564999999997,39.617437348954454,10339.18243734895,10259.947562651043,0.0,0.0,0.0
2019-09-14 08:00:00+00:00,10335.0,10350.0,10325.0,10325.1,60.41011166,BTC/USD,-0.0009579100145137298,10322.400812821106,10302.643989039558,1.0,0.0,1.0,0.0021260625657704615,0.0029438730733583936,1.0,0.0,1.0,10298.319999999996,38.31904295027026,10336.639042950266,10260.000957049726,0.0,0.0,0.0
2019-09-14 09:00:00+00:00,10325.1,10333.4,10305.9,10308.4,60.49574354,BTC/USD,-0.0016174177489807207,10315.400406410554,10303.02945187426,1.0,0.0,1.0,0.001893927217716281,0.0028793861328938464,1.0,0.0,1.0,10297.579999999996,37.95445469996938,10335.534454699966,10259.625545300027,0.0,0.0,0.0
2019-09-14 10:00:00+00:00,10308.4,10320.0,10297.0,10316.6,28.907722399999997,BTC/USD,0.0007954677738544191,10316.000203205276,10303.938230885447,1.0,0.0,1.0,0.0016144407517652832,0.00278789413492749,1.0,0.0,1.0,10298.414999999997,38.19114357231918,10336.606143572317,10260.223856427678,0.0,0.0,0.0
2019-09-14 11:00:00+00:00,10316.4,10319.0,10300.9,10301.9,26.05223731,BTC/USD,-0.001424888044510908,10308.950101602637,10303.801736660493,1.0,0.0,1.0,0.0014591958501422688,0.0027204702905100566,1.0,0.0,1.0,10297.654999999995,37.950223284738435,10335.605223284734,10259.704776715256,0.0,0.0,0.0
2019-09-14 12:00:00+00:00,10300.7,10300.9,10210.7,10268.3,170.8688082,BTC/USD,-0.003261534280084244,10288.625050801318,10301.42429156109,0.0,-1.0,-1.0,0.0018863532590775126,0.0027550228564436684,1.0,0.0,1.0,10296.074999999995,38.50558230197477,10334.580582301971,10257.56941769802,0.0,0.0,0.0
2019-09-14 13:00:00+00:00,10268.3,10350.0,10268.3,10334.6,118.452221,BTC/USD,0.006456764995179443,10311.612525400658,10303.64596950889,1.0,0.0,1.0,0.005331205225533785,0.003157998339870418,0.0,-1.0,-1.0,10301.549999999996,35.554354237648695,10337.104354237645,10265.995645762347,0.0,0.0,0.0
2019-09-14 14:00:00+00:00,10334.6,10370.0,10330.0,10365.2,156.50557560000001,BTC/USD,0.002960927370193378,10338.40626270033,10307.768058789734,1.0,0.0,1.0,0.003795330628375713,0.003129059322463215,0.0,-1.0,-1.0,10308.319999999996,34.031511712920754,10342.351511712917,10274.288488287075,0.0,-1.0,-1.0
2019-09-14 15:00:00+00:00,10365.2,10405.0,10333.1,10375.0,192.4697081,BTC/USD,0.0009454713850189922,10356.703131350165,10312.270380765758,1.0,0.0,1.0,0.0028689404736791523,0.0030256045944377454,1.0,0.0,1.0,10316.499999999996,28.763298983495353,10345.263298983491,10287.736701016502,0.0,-1.0,-1.0
2019-09-14 16:00:00+00:00,10375.0,10375.6,10346.4,10369.9,61.1487351,BTC/USD,-0.0004915662650603059,10363.301565675083,10316.129663964748,1.0,0.0,1.0,0.002457524876674856,0.0029321491416293283,1.0,0.0,1.0,10321.669999999996,28.595363996600668,10350.265363996597,10293.074636003395,0.0,-1.0,-1.0
2019-09-14 17:00:00+00:00,10369.9,10415.0,10369.9,10394.7,122.3289452,BTC/USD,0.0023915370447160633,10379.000782837542,10321.391284322977,1.0,0.0,1.0,0.002041781690876402,0.0028782115318054255,1.0,0.0,1.0,10326.364999999998,32.438740240857356,10358.803740240855,10293.92625975914,0.0,-1.0,-1.0
2019-09-14 18:00:00+00:00,10394.7,10407.2,10370.0,10399.7,91.00510627,BTC/USD,0.0004810143630888941,10389.350391418771,10326.635384748462,1.0,0.0,1.0,0.0015768126947953867,0.002780181041014937,1.0,0.0,1.0,10331.599999999999,35.42175959243557,10367.021759592433,10296.178240407564,0.0,-1.0,-1.0
2019-09-14 19:00:00+00:00,10399.7,10400.0,10374.6,10385.0,45.34666701,BTC/USD,-0.0014135023125667612,10387.175195709386,10330.543888431963,1.0,0.0,1.0,0.0018506965656583398,0.002729742379311616,1.0,0.0,1.0,10332.744999999999,36.80275268585032,10369.547752685849,10295.94224731415,0.0,-1.0,-1.0
2019-09-14 20:00:00+00:00,10385.0,10415.0,10385.0,10413.9,84.17208009,BTC/USD,0.0027828598940780047,10400.537597854693,10336.125997860798,1.0,0.0,1.0,0.002250717850620647,0.0027065763595387486,1.0,0.0,1.0,10336.789999999997,41.034797813216855,10377.824797813215,10295.75520218678,0.0,-1.0,-1.0
2019-09-14 21:00:00+00:00,10413.9,10440.0,10345.0,10392.2,244.09707799999998,BTC/USD,-0.0020837534449148487,10396.368798927346,10339.881106036619,1.0,0.0,1.0,0.0026068012288930583,0.0026984282508631494,1.0,0.0,1.0,10340.259999999998,42.69042047102124,10382.95042047102,10297.569579528978,0.0,-1.0,-1.0
2019-09-14 22:00:00+00:00,10392.2,10400.0,10351.1,10361.6,104.16790019999999,BTC/USD,-0.0029445160793672986,10378.984399463672,10341.335555392476,1.0,0.0,1.0,0.0024144249192779225,0.0027392780077898525,1.0,0.0,1.0,10342.99,42.19446084865104,10385.184460848652,10300.795539151348,0.0,0.0,0.0
2019-09-14 23:00:00+00:00,10361.6,10373.6,10355.9,10363.2,20.32870282,BTC/USD,0.0001544163063620374,10371.092199731836,10342.799751839551,1.0,0.0,1.0,0.002040746165334258,0.002645969187867492,1.0,0.0,1.0,10345.689999999999,41.64256299297757,10387.332562992977,10304.04743700702,0.0,0.0,0.0
2019-09-15 00:00:00+00:00,10363.2,10380.0,10330.0,10339.7,66.37457209,BTC/USD,-0.002267639339200267,10355.396099865919,10342.59217073188,1.0,0.0,1.0,0.0017136130021353987,0.002628555760578862,1.0,0.0,1.0,10348.07,39.73508458982971,10387.805084589829,10308.33491541017,0.0,0.0,0.0
2019-09-15 01:00:00+00:00,10339.7,10360.0,10335.9,10359.8,50.36181318,BTC/USD,0.0019439635579368009,10357.59804993296,10343.74452758011,1.0,0.0,1.0,0.0024392197717379607,0.002587509163267798,1.0,0.0,1.0,10350.679999999998,38.63608348889536,10389.316083488893,10312.043916511104,0.0,0.0,0.0
2019-09-15 02:00:00+00:00,10359.8,10359.9,10329.3,10343.2,25.63411066,BTC/USD,-0.0016023475356665706,10350.39902496648,10343.708062197045,1.0,0.0,1.0,0.0020528183375078694,0.002537287752027816,1.0,0.0,1.0,10352.65,37.09361556631967,10389.74361556632,10315.55638443368,0.0,0.0,0.0
2019-09-15 03:00:00+00:00,10343.2,10343.9,10309.4,10324.9,55.06391489,BTC/USD,-0.0017692783664631229,10337.64951248324,10342.448542536718,0.0,-1.0,-1.0,0.0015940722415707733,0.0024918677004592666,1.0,0.0,1.0,10352.145,37.41392190915069,10389.55892190915,10314.73107809085,0.0,0.0,0.0
2019-09-15 04:00:00+00:00,10324.9,10335.0,10301.5,10334.4,63.89697951,BTC/USD,0.0009201057637362453,10336.024756241619,10341.909555720546,0.0,-1.0,-1.0,0.001733878459104021,0.0024214351597475745,1.0,0.0,1.0,10352.609999999999,37.116713500053784,10389.726713500053,10315.493286499945,0.0,0.0,0.0
2019-09-15 05:00:00+00:00,10334.4,10345.0,10334.0,10345.0,27.78310589,BTC/USD,0.0010257005728442348,10340.51237812081,10342.116513528763,0.0,-1.0,-1.0,0.001423549362432703,0.002354866832157325,1.0,0.0,1.0,10354.439999999999,35.69738896529813,10390.137388965297,10318.7426110347,0.0,0.0,0.0
2019-09-15 06:00:00+00:00,10345.0,10345.0,10320.0,10327.0,9.63443219,BTC/USD,-0.001739971000483287,10333.756189060405,10341.104205839349,0.0,-1.0,-1.0,0.0016695039681477364,0.0023184662325430438,1.0,0.0,1.0,10354.96,35.189298612426484,10390.149298612425,10319.770701387573,0.0,0.0,0.0
2019-09-15 07:00:00+00:00,10327.0,10334.6,10320.0,10320.0,12.67232639,BTC/USD,-0.0006778348019753633,10326.878094530202,10339.690920308296,0.0,-1.0,-1.0,0.0011806197821387723,0.0022443985920075292,1.0,0.0,1.0,10355.865,33.964304404427494,10389.829304404428,10321.900695595572,1.0,0.0,1.0
2019-09-15 08:00:00+00:00,10320.0,10326.7,10314.1,10314.1,26.71031667,BTC/USD,-0.0005717054263565391,10320.489047265102,10337.977172931429,0.0,-1.0,-1.0,0.0008367831617004457,0.0021708069163712696,1.0,0.0,1.0,10358.155,28.91886062749286,10387.073860627494,10329.236139372508,1.0,0.0,1.0
2019-09-15 09:00:00+00:00,10314.1,10314.1,10285.2,10300.1,98.57180733,BTC/USD,-0.0013573651603144832,10310.29452363255,10335.440651971168,0.0,-1.0,-1.0,0.0007448915848068074,0.00211875894931547,1.0,0.0,1.0,10356.43,31.326583632717554,10387.756583632718,10325.103416367283,1.0,0.0,1.0
2019-09-15 10:00:00+00:00,10300.1,10330.0,10299.9,10325.3,38.10734028,BTC/USD,0.0024465781885611992,10317.797261816275,10334.761562844793,0.0,-1.0,-1.0,0.0021681301460834508,0.0021579515411814503,0.0,-1.0,-1.0,10354.435,32.00189591411231,10386.436895914112,10322.433104085887,0.0,0.0,0.0
2019-09-15 11:00:00+00:00,10325.3,10335.1,10315.2,10319.8,34.04096881,BTC/USD,-0.0005326721741740759,10318.798630908137,10333.759631739142,0.0,-1.0,-1.0,0.0017168715457866496,0.0020878662145168763,1.0,0.0,1.0,10351.675,32.51122680572839,10384.186226805728,10319.16377319427,0.0,0.0,0.0
2019-09-15 12:00:00+00:00,10319.8,10324.2,10285.0,10324.2,81.04012275,BTC/USD,0.00042636485203217944,10321.499315454068,10333.119451799563,0.0,-1.0,-1.0,0.0012305183747555097,0.0020210934255051457,1.0,0.0,1.0,10349.39,32.76785812817608,10382.157858128176,10316.622141871823,0.0,0.0,0.0
2019-09-15 13:00:00+00:00,10324.2,10325.0,10288.4,10290.1,52.06908211,BTC/USD,-0.0033029193545263125,10305.799657727035,10330.238567806819,0.0,-1.0,-1.0,0.002350269384364105,0.0021194664856435193,0.0,-1.0,-1.0,10344.16,33.49482913734498,10377.654829137346,10310.665170862654,1.0,0.0,1.0
2019-09-15 14:00:00+00:00,10288.5,10303.9,10275.0,10283.0,78.49401453,BTC/USD,-0.0006899835764473394,10294.399828863518,10327.07514223671,0.0,-1.0,-1.0,0.0017379321598193138,0.0020499672342202905,1.0,0.0,1.0,10338.324999999999,33.47511054960731,10371.800110549606,10304.849889450392,1.0,0.0,1.0
2019-09-15 15:00:00+00:00,10283.0,10320.0,10276.5,10307.8,63.52853691,BTC/USD,0.0024117475444909164,10301.099914431757,10325.784343623414,0.0,-1.0,-1.0,0.0024795918287694604,0.00209725002871017,0.0,-1.0,-1.0,10334.464999999998,32.237854097858715,10366.702854097857,10302.22714590214,0.0,0.0,0.0
2019-09-15 16:00:00+00:00,10307.8,10338.9,10305.7,10311.2,77.00011083,BTC/USD,0.00032984730010299224,10306.14995721588,10324.807673760555,0.0,-1.0,-1.0,0.0017644893174999124,0.002029076557524989,1.0,0.0,1.0,10329.329999999998,26.60657022128515,10355.936570221284,10302.723429778713,0.0,0.0,0.0
2019-09-15 17:00:00+00:00,10311.2,10320.0,10294.6,10318.0,75.77790336,BTC/USD,0.0006594770734733579,10312.07497860794,10324.351784214217,0.0,-1.0,-1.0,0.0012519116149299473,0.001969266965627461,1.0,0.0,1.0,10325.619999999999,22.184314040928744,10347.804314040928,10303.43568595907,0.0,0.0,0.0
2019-09-15 18:00:00+00:00,10318.0,10318.4,10303.8,10306.2,11.84834609,BTC/USD,-0.0011436324869159575,10309.13748930397,10323.136213527123,0.0,-1.0,-1.0,0.0013754844171530404,0.0019227267177436436,1.0,0.0,1.0,10322.849999999999,20.875382126808365,10343.725382126808,10301.97461787319,0.0,0.0,0.0
2019-09-15 19:00:00+00:00,10306.2,10308.9,10292.0,10304.8,25.92121288,BTC/USD,-0.00013584056199200667,10306.968744651986,10321.908292160668,0.0,-1.0,-1.0,0.000976839934953031,0.0018572386732122043,1.0,0.0,1.0,10319.929999999997,18.927843594842667,10338.857843594838,10301.002156405155,0.0,0.0,0.0
2019-09-15 20:00:00+00:00,10304.8,10319.6,10270.1,10278.8,83.75859709999999,BTC/USD,-0.002523096032916672,10292.884372325992,10319.02145879471,0.0,-1.0,-1.0,0.0015759459575160795,0.0018955333308748035,1.0,0.0,1.0,10316.884999999997,20.419785941280228,10337.304785941276,10296.465214058717,1.0,0.0,1.0
2019-09-15 21:00:00+00:00,10278.8,10314.9,10274.9,10293.8,77.95466997,BTC/USD,0.0014593143168464273,10293.342186162996,10317.332453150151,0.0,-1.0,-1.0,0.002058229339631627,0.0018835661557469266,0.0,-1.0,-1.0,10313.584999999995,18.34724344685807,10331.932243446854,10295.237756553137,1.0,0.0,1.0
2019-09-15 22:00:00+00:00,10293.8,10319.9,10290.0,10303.2,59.05052760000001,BTC/USD,0.0009131710349921107,10298.271093081497,10316.38604504044,0.0,-1.0,-1.0,0.001549158093967497,0.0018398445334187837,1.0,0.0,1.0,10311.584999999995,17.085859804417165,10328.670859804413,10294.499140195578,0.0,0.0,0.0
2019-09-15 23:00:00+00:00,10303.2,10315.6,10302.1,10311.3,18.97167537,BTC/USD,0.0007861635220123286,10304.785546540748,10316.045447819173,0.0,-1.0,-1.0,0.0011113712741934911,0.0017910913297581,1.0,0.0,1.0,10310.904999999995,16.79622372951722,10327.701223729513,10294.108776270477,0.0,0.0,0.0
2019-09-16 00:00:00+00:00,10311.3,10360.0,10311.2,10351.7,106.211335,BTC/USD,0.003918031673988853,10328.242773270375,10318.433126516818,1.0,0.0,1.0,0.0021597280864394555,0.0020006565975116287,0.0,-1.0,-1.0,10311.769999999997,18.435380743313594,10330.205380743311,10293.334619256682,0.0,-1.0,-1.0
2019-09-16 01:00:00+00:00,10351.7,10374.7,10347.2,10374.5,84.39687047,BTC/USD,0.0022025367813982566,10351.371386635186,10322.187757307871,1.0,0.0,1.0,0.0015278119029695598,0.0019963904452112106,1.0,0.0,1.0,10313.244999999997,22.058188001006855,10335.303188001004,10291.18681199899,0.0,-1.0,-1.0
2019-09-16 02:00:00+00:00,10374.5,10374.5,10347.7,10359.7,39.20131845,BTC/USD,-0.0014265747746878832,10355.535693317594,10324.699839981708,1.0,0.0,1.0,0.002491148977748299,0.0019815311583141052,0.0,-1.0,-1.0,10314.879999999997,24.235806480958743,10339.115806480957,10290.644193519038,0.0,-1.0,-1.0
2019-09-16 03:00:00+00:00,10359.7,10365.7,10315.0,10317.0,90.10194825,BTC/USD,-0.004121740977055421,10336.267846658797,10324.184204732486,1.0,0.0,1.0,0.0032850162084583894,0.002213104761928022,0.0,-1.0,-1.0,10314.729999999998,24.211721823885647,10338.941721823883,10290.518278176112,0.0,0.0,0.0
2019-09-16 04:00:00+00:00,10317.0,10333.4,10315.0,10324.3,32.28383236,BTC/USD,0.0007075700300473997,10330.283923329398,10324.191959195145,1.0,0.0,1.0,0.0028041948251605595,0.002146326136015898,0.0,-1.0,-1.0,10315.239999999996,24.305000568290055,10339.545000568287,10290.934999431705,0.0,0.0,0.0
2019-09-16 05:00:00+00:00,10324.3,10334.5,10320.8,10321.4,12.78956934,BTC/USD,-0.0002808907141403916,10325.841961664699,10324.004990040094,1.0,0.0,1.0,0.0019910330945522264,0.0020744747607415004,1.0,0.0,1.0,10316.304999999997,24.07222629796329,10340.37722629796,10292.232773702033,0.0,0.0,0.0
2019-09-16 06:00:00+00:00,10321.0,10322.5,10290.1,10307.3,74.6118074,BTC/USD,-0.0013660937469723855,10316.570980832348,10322.8863068307,0.0,-1.0,-1.0,0.0015205653581706574,0.0020330473666307115,1.0,0.0,1.0,10315.404999999995,24.054706837657218,10339.459706837652,10291.350293162339,0.0,0.0,0.0
2019-09-16 07:00:00+00:00,10307.3,10309.6,10290.0,10309.5,46.64201871,BTC/USD,0.00021344095932018803,10313.035490416174,10321.989865907877,0.0,-1.0,-1.0,0.0012722028764196465,0.001965476851021612,1.0,0.0,1.0,10314.889999999996,24.065916059491347,10338.955916059487,10290.824083940504,0.0,0.0,0.0
2019-09-16 08:00:00+00:00,10309.5,10320.0,10300.5,10300.7,36.57480949,BTC/USD,-0.0008535816479945391,10306.867745208088,10320.564147277446,0.0,-1.0,-1.0,0.0009526121031911798,0.0019085747401307233,1.0,0.0,1.0,10313.714999999997,24.160935738967222,10337.875935738964,10289.554064261029,0.0,0.0,0.0
2019-09-16 09:00:00+00:00,10300.7,10316.0,10293.8,10312.1,76.27549419,BTC/USD,0.0011067209024628877,10309.483872604043,10319.997328655085,0.0,-1.0,-1.0,0.0012422229579118177,0.0018704855768543866,1.0,0.0,1.0,10314.814999999997,23.52155282632141,10338.336552826318,10291.293447173675,0.0,0.0,0.0
2019-09-16 10:00:00+00:00,10312.1,10313.2,10293.4,10312.9,34.90994137,BTC/USD,7.757876669156616e-05,10311.19193630202,10319.522041786973,0.0,-1.0,-1.0,0.0008850417041229719,0.0018070753690054096,1.0,0.0,1.0,10316.309999999996,22.312113773589626,10338.622113773585,10293.997886226407,0.0,0.0,0.0
2019-09-16 11:00:00+00:00,10312.9,10315.4,10285.1,10285.1,55.55217565,BTC/USD,-0.0026956530170950677,10298.14596815101,10317.216900623305,0.0,-1.0,-1.0,0.0018608187767688996,0.001871322283851013,1.0,0.0,1.0,10315.174999999997,23.322292813920885,10338.497292813918,10291.852707186077,1.0,0.0,1.0
2019-09-16 12:00:00+00:00,10285.1,10285.1,10069.0,10152.0,650.5166932,BTC/USD,-0.01294105064608031,10225.072984075505,10306.152819041003,0.0,-1.0,-1.0,0.007270272127332453,0.0037065398096351957,0.0,-1.0,-1.0,10307.214999999997,43.33328943984503,10350.548289439841,10263.881710560152,1.0,0.0,1.0
2019-09-16 13:00:00+00:00,10152.0,10177.8,10114.1,10142.4,113.1242619,BTC/USD,-0.0009456264775413725,10183.736492037751,10295.186782622413,0.0,-1.0,-1.0,0.006375386970669203,0.0035804294501063493,0.0,-1.0,-1.0,10298.434999999996,56.74671587987526,10355.181715879871,10241.68828412012,1.0,0.0,1.0
2019-09-16 14:00:00+00:00,10142.4,10158.1,10000.0,10130.0,445.05870769999996,BTC/USD,-0.0012225903139295724,10156.868246018876,10284.12471795253,0.0,-1.0,-1.0,0.004823517591186614,0.0034586992171638294,0.0,-1.0,-1.0,10289.624999999996,68.0330173324836,10357.65801733248,10221.591982667513,1.0,0.0,1.0
2019-09-16 15:00:00+00:00,10130.0,10154.9,10111.0,10116.3,142.586097,BTC/USD,-0.0013524185587364679,10136.584123009437,10272.88599864507,0.0,-1.0,-1.0,0.0034984233008877297,0.0033416256019354333,0.0,-1.0,-1.0,10280.199999999995,78.1280999384589,10358.328099938453,10202.071900061537,1.0,0.0,1.0
2019-09-16 16:00:00+00:00,10116.3,10160.0,10080.0,10145.0,163.6566651,BTC/USD,0.0028370056245861086,10140.792061504719,10264.321855891481,0.0,-1.0,-1.0,0.0038535009850789313,0.0033791877712120062,0.0,-1.0,-1.0,10273.509999999997,83.77851690457899,10357.288516904575,10189.731483095418,1.0,0.0,1.0
2019-09-16 17:00:00+00:00,10145.6,10158.2,10136.4,10143.7,65.58056634,BTC/USD,-0.00012814194184318506,10142.24603075236,10256.24417104715,0.0,-1.0,-1.0,0.002745775179367258,0.003268972455343261,1.0,0.0,1.0,10266.004999999997,88.45766442050682,10354.462664420504,10177.547335579491,1.0,0.0,1.0
2019-09-16 18:00:00+00:00,10143.7,10154.0,10116.0,10130.7,79.5729262,BTC/USD,-0.001281583643049422,10136.473015376181,10247.836853482133,0.0,-1.0,-1.0,0.002129846236969679,0.0031601578756894465,1.0,0.0,1.0,10257.379999999997,92.93647292637252,10350.31647292637,10164.443527073625,1.0,0.0,1.0
2019-09-16 19:00:00+00:00,10130.6,10139.2,10119.1,10129.0,43.19832251,BTC/USD,-0.00016780676557404117,10132.73650768809,10239.878704909257,0.0,-1.0,-1.0,0.0015257092251956276,0.0030569779894944068,1.0,0.0,1.0,10248.264999999998,96.25048612314627,10344.515486123144,10152.014513876851,1.0,0.0,1.0
2019-09-16 20:00:00+00:00,10129.0,10221.0,10124.7,10221.0,292.7744278,BTC/USD,0.009082831473985475,10176.868253844044,10238.614454517823,0.0,-1.0,-1.0,0.0058866719087704526,0.0038739277266802885,0.0,-1.0,-1.0,10241.729999999998,93.24823181614155,10334.97823181614,10148.481768183856,0.0,0.0,0.0
2019-09-16 21:00:00+00:00,10221.0,10347.1,10214.7,10306.6,357.6882733,BTC/USD,0.00837491439193827,10241.734126922023,10243.167243117503,0.0,-1.0,-1.0,0.004835073250984309,0.004320421098961117,0.0,-1.0,-1.0,10238.334999999997,89.31291693575909,10327.647916935757,10149.022083064237,0.0,0.0,0.0
2019-09-16 22:00:00+00:00,10306.6,10325.0,10290.4,10302.3,71.76347034,BTC/USD,-0.00041720839073999816,10272.017063461011,10247.127186948104,1.0,0.0,1.0,0.005380077085068343,0.0041791450495601646,0.0,-1.0,-1.0,10235.464999999997,86.07110447944014,10321.536104479437,10149.393895520556,0.0,0.0,0.0
2019-09-16 23:00:00+00:00,10302.3,10302.3,10238.5,10260.6,175.570976,BTC/USD,-0.004047639847412632,10266.308531730505,10248.029420933774,1.0,0.0,1.0,0.005741464332207542,0.004192132353436852,0.0,-1.0,-1.0,10232.644999999997,84.1618833276569,10316.806883327654,10148.48311667234,0.0,0.0,0.0
2019-09-17 00:00:00+00:00,10260.6,10261.6,10190.1,10220.8,151.8892324,BTC/USD,-0.0038789154630334277,10243.554265865252,10246.205948071653,0.0,-1.0,-1.0,0.004546594813647999,0.0041738727669571995,0.0,-1.0,-1.0,10227.469999999998,81.36509079448692,10308.835090794484,10146.104909205511,0.0,0.0,0.0
2019-09-17 01:00:00+00:00,10220.8,10256.4,10210.9,10231.9,80.37055057,BTC/USD,0.0010860206637446357,10237.727132932625,10245.247921526063,0.0,-1.0,-1.0,0.0037952663333841044,0.004044289089504339,1.0,0.0,1.0,10222.994999999997,78.33180086217224,10301.326800862169,10144.663199137825,0.0,0.0,0.0
2019-09-17 02:00:00+00:00,10231.3,10241.9,10224.3,10237.0,12.67271136,BTC/USD,0.0004984411497375163,10237.363566466312,10244.695582895423,0.0,-1.0,-1.0,0.002760943952666102,0.003909330993067145,1.0,0.0,1.0,10219.479999999998,75.88885640402746,10295.368856404026,10143.59114359597,0.0,0.0,0.0
2019-09-17 03:00:00+00:00,10237.0,10243.0,10220.3,10235.7,47.43118448,BTC/USD,-0.00012699032919794018,10236.531783233157,10244.093175619535,0.0,-1.0,-1.0,0.0019531631486971205,0.0037762229993074914,1.0,0.0,1.0,10215.789999999997,73.02141646909688,10288.811416469094,10142.7685835309,0.0,0.0,0.0
2019-09-17 04:00:00+00:00,10235.7,10255.6,10218.7,10218.7,52.51857524,BTC/USD,-0.0016608536787908745,10227.615891616579,10242.392670612915,0.0,-1.0,-1.0,0.0016869069104622158,0.003670537541334164,1.0,0.0,1.0,10211.689999999999,70.25254368869739,10281.942543688696,10141.437456311302,0.0,0.0,0.0
2019-09-17 05:00:00+00:00,10218.7,10224.5,10166.3,10205.9,110.8225925,BTC/USD,-0.0012526055173359696,10216.75794580829,10239.948865631135,0.0,-1.0,-1.0,0.001215618991060521,0.0035564254926928702,1.0,0.0,1.0,10206.379999999997,66.15787020052333,10272.53787020052,10140.222129799475,0.0,0.0,0.0
2019-09-17 06:00:00+00:00,10205.9,10214.7,10190.1,10200.7,33.79363916,BTC/USD,-0.0005095092054594463,10208.728972904144,10237.320486514243,0.0,-1.0,-1.0,0.0009236007257582275,0.0034360097192720103,1.0,0.0,1.0,10200.769999999999,61.22294117658464,10261.992941176582,10139.547058823415,0.0,0.0,0.0
2019-09-17 07:00:00+00:00,10200.7,10225.1,10200.7,10215.9,49.7764752,BTC/USD,0.001490093817090976,10212.314486452073,10235.88602061256,0.0,-1.0,-1.0,0.0015389025526900495,0.0033483582963284085,1.0,0.0,1.0,10197.309999999998,58.0810042322566,10255.391004232255,10139.22899576774,0.0,0.0,0.0
2019-09-17 08:00:00+00:00,10215.9,10219.4,10166.4,10168.7,48.93158429,BTC/USD,-0.004620248827807538,10190.507243226037,10231.38677380159,0.0,-1.0,-1.0,0.0032336707167558223,0.003429829418426692,1.0,0.0,1.0,10198.144999999999,57.51258420642452,10255.657584206423,10140.632415793574,0.0,0.0,0.0
2019-09-17 09:00:00+00:00,10168.7,10172.1,10134.7,10158.9,78.80746740000001,BTC/USD,-0.0009637416778940366,10174.703621613018,10226.53255140695,0.0,-1.0,-1.0,0.002396212489996825,0.0033157383072858035,1.0,0.0,1.0,10198.969999999998,56.78458927335089,10255.754589273349,10142.185410726646,0.0,0.0,0.0
2019-09-17 10:00:00+00:00,10158.9,10182.9,10155.2,10170.0,67.12020898,BTC/USD,0.001092637982458733,10172.35181080651,10222.746735558436,0.0,-1.0,-1.0,0.002342532149832376,0.0032273508395584726,1.0,0.0,1.0,10200.969999999998,54.900724757903724,10255.8707247579,10146.069275242095,0.0,0.0,0.0
2019-09-17 11:00:00+00:00,10170.0,10170.5,10162.8,10165.2,69.19162578,BTC/USD,-0.0004719764011799077,10168.775905403254,10218.893002831264,0.0,-1.0,-1.0,0.0016631389184627687,0.003117534775733093,1.0,0.0,1.0,10203.414999999999,51.94056598394455,10255.355565983944,10151.474434016054,0.0,0.0,0.0
2019-09-17 12:00:00+00:00,10165.2,10230.0,10154.5,10219.2,118.2494957,BTC/USD,0.005312241766025183,10193.987952701627,10218.913561513264,0.0,-1.0,-1.0,0.0036614279699846903,0.0033405708099007113,0.0,-1.0,-1.0,10207.125,50.16824194643038,10257.29324194643,10156.95675805357,0.0,0.0,0.0
2019-09-17 13:00:00+00:00,10219.2,10247.3,10172.5,10185.2,158.9689316,BTC/USD,-0.00332707061218096,10189.593976350814,10216.655865154082,0.0,-1.0,-1.0,0.004399272419249517,0.003336513961230087,0.0,-1.0,-1.0,10209.2,48.22756364085136,10257.427563640853,10160.972436359149,0.0,0.0,0.0
2019-09-17 14:00:00+00:00,10187.6,10222.1,10177.0,10220.8,132.9552423,BTC/USD,0.0034952676432469243,10205.196988175407,10216.93338546738,0.0,-1.0,-1.0,0.003928620958428608,0.0033582246876869845,0.0,-1.0,-1.0,10213.704999999998,44.57900703712992,10258.284007037128,10169.125992962869,0.0,0.0,0.0
2019-09-17 15:00:00+00:00,10220.8,10225.0,10204.0,10209.7,113.78301540000001,BTC/USD,-0.0010860206637444136,10207.448494087705,10216.448987281568,0.0,-1.0,-1.0,0.003208649472178265,0.003256317283438727,1.0,0.0,1.0,10217.74,39.9169849087562,10257.656984908755,10177.823015091244,0.0,0.0,0.0
2019-09-17 16:00:00+00:00,10209.1,10263.3,10208.7,10262.4,257.80785319999995,BTC/USD,0.005161757936080313,10234.924247043851,10219.526189139175,1.0,0.0,1.0,0.0037797929019700418,0.0034125749452517916,0.0,-1.0,-1.0,10219.81,41.14936720106305,10260.959367201063,10178.660632798936,0.0,-1.0,-1.0
2019-09-17 17:00:00+00:00,10262.4,10272.0,10237.0,10249.5,140.798103,BTC/USD,-0.0012570159027127659,10242.212123521926,10221.533445584766,1.0,0.0,1.0,0.0036049429883830354,0.003320265300718132,0.0,-1.0,-1.0,10216.954999999998,36.532688678779465,10253.487688678777,10180.42231132122,0.0,0.0,0.0
2019-09-17 18:00:00+00:00,10249.5,10256.7,10217.2,10237.8,149.2809036,BTC/USD,-0.0011415190984926937,10240.006061760963,10222.622768071957,1.0,0.0,1.0,0.002791909817828088,0.0032253399649021974,1.0,0.0,1.0,10213.73,31.03549919884881,10244.76549919885,10182.69450080115,0.0,0.0,0.0
2019-09-17 19:00:00+00:00,10237.8,10262.8,10219.8,10256.7,80.29218864,BTC/USD,0.0018460997479927688,10248.353030880482,10224.904818350884,1.0,0.0,1.0,0.00234206593021607,0.0031465382413234594,1.0,0.0,1.0,10213.535,30.73631959263663,10244.271319592637,10182.798680407363,0.0,-1.0,-1.0
2019-09-17 20:00:00+00:00,10256.7,10276.3,10215.9,10248.0,483.908034,BTC/USD,-0.0008482260376144746,10248.176515440242,10226.45143357584,1.0,0.0,1.0,0.0019449362246968533,0.0030516762964726577,1.0,0.0,1.0,10214.895,31.662504389355107,10246.557504389355,10183.232495610646,0.0,-1.0,-1.0
2019-09-17 21:00:00+00:00,10253.1,10266.3,10185.9,10210.5,178.27525269999998,BTC/USD,-0.0036592505854801116,10229.338257720121,10225.383213788567,1.0,0.0,1.0,0.0026211111314659906,0.0031034570453447063,1.0,0.0,1.0,10213.825,31.41824603961774,10245.243246039618,10182.406753960384,0.0,0.0,0.0
2019-09-17 22:00:00+00:00,10210.5,10238.1,10210.5,10228.3,83.73377749,BTC/USD,0.0017433034621221477,10228.819128860061,10225.578542235473,1.0,0.0,1.0,0.0028710780145459864,0.003034164827274576,1.0,0.0,1.0,10213.39,31.139480778480145,10244.52948077848,10182.25051922152,0.0,0.0,0.0
2019-09-17 23:00:00+00:00,10228.3,10241.6,10175.0,10190.0,111.2876606,BTC/USD,-0.0037445127733836125,10209.40956443003,10223.19595369648,0.0,-1.0,-1.0,0.0030411005902272925,0.0030836657350386833,1.0,0.0,1.0,10211.105,31.092907889873054,10242.197907889873,10180.012092110126,0.0,0.0,0.0
2019-09-18 00:00:00+00:00,10190.0,10210.0,10179.3,10210.0,94.70921837,BTC/USD,0.001962708537782243,10209.704782215016,10222.312260153607,0.0,-1.0,-1.0,0.003194856246175692,0.003030322897016056,0.0,-1.0,-1.0,10210.669999999998,31.041874943300524,10241.7118749433,10179.628125056697,0.0,0.0,0.0
2019-09-18 01:00:00+00:00,10209.9,10259.3,10209.9,10252.1,109.209101,BTC/USD,0.0041234084231145385,10230.90239110751,10224.30705598,1.0,0.0,1.0,0.0033728936222670067,0.003116449010833894,0.0,-1.0,-1.0,10212.98,32.35927590100792,10245.339275901008,10180.620724098992,0.0,-1.0,-1.0
2019-09-18 02:00:00+00:00,10252.1,10259.9,10228.5,10231.9,112.0666942,BTC/USD,-0.0019703280303547954,10231.401195553753,10224.815532726449,1.0,0.0,1.0,0.003440260823089921,0.003060520603823339,0.0,-1.0,-1.0,10214.539999999997,32.487915162016144,10247.027915162013,10182.052084837982,0.0,0.0,0.0
2019-09-18 03:00:00+00:00,10231.9,10231.9,10205.8,10210.2,43.50044149,BTC/USD,-0.0021208182253539265,10220.800597776877,10223.836774222664,0.0,-1.0,-1.0,0.0027733507780878966,0.003007639944936721,1.0,0.0,1.0,10214.255,32.500355868426496,10246.755355868425,10181.754644131574,0.0,0.0,0.0
2019-09-18 04:00:00+00:00,10210.2,10229.0,10210.0,10222.3,46.53473579999999,BTC/USD,0.0011850894203833118,10221.550298888438,10223.733861050287,0.0,-1.0,-1.0,0.002385653489599777,0.0029232676526301663,1.0,0.0,1.0,10216.934999999998,30.706595811179486,10247.641595811177,10186.228404188818,0.0,0.0,0.0
2019-09-18 05:00:00+00:00,10222.3,10232.2,10212.7,10212.7,20.97078818,BTC/USD,-0.0009391232892791423,10217.125149444219,10222.994956383951,0.0,-1.0,-1.0,0.0017977731402676741,0.0028336649734252875,1.0,0.0,1.0,10219.624999999998,27.54914985784537,10247.174149857843,10192.075850142153,0.0,0.0,0.0
2019-09-18 06:00:00+00:00,10212.7,10219.7,10205.0,10207.3,51.29933843,BTC/USD,-0.0005287534148659123,10212.212574722109,10221.943912106957,0.0,-1.0,-1.0,0.0012726080101675065,0.002739649608422944,1.0,0.0,1.0,10221.489999999998,25.17293659542598,10246.662936595423,10196.317063404573,0.0,0.0,0.0
2019-09-18 07:00:00+00:00,10207.3,10220.3,10200.0,10208.8,52.20869666,BTC/USD,0.0001469536508185154,10210.506287361055,10221.06370363365,0.0,-1.0,-1.0,0.0009783958404334415,0.002647065491936789,1.0,0.0,1.0,10223.669999999996,21.688320892892484,10245.358320892889,10201.981679107104,0.0,0.0,0.0
2019-09-18 08:00:00+00:00,10208.8,10208.8,10041.8,10172.7,400.5693557,BTC/USD,-0.003536164877360526,10191.603143680528,10217.824931083105,0.0,-1.0,-1.0,0.0021763078691774975,0.00270366779738271,1.0,0.0,1.0,10221.344999999998,24.50255572052332,10245.84755572052,10196.842444279475,1.0,0.0,1.0
2019-09-18 09:00:00+00:00,10172.6,10193.7,10160.0,10176.0,81.54650875,BTC/USD,0.0003243976525404424,10183.801571840264,10215.024040569291,0.0,-1.0,-1.0,0.002035542086352574,0.00261661049316863,1.0,0.0,1.0,10220.884999999997,25.290528183190116,10246.175528183187,10195.594471816807,1.0,0.0,1.0
2019-09-18 10:00:00+00:00,10176.0,10195.0,10175.9,10180.0,30.50036397,BTC/USD,0.00039308176100627534,10181.900785920132,10212.678585348072,0.0,-1.0,-1.0,0.0016041646081347133,0.0025331178283394835,1.0,0.0,1.0,10218.844999999998,26.892524396500317,10245.737524396498,10191.952475603497,1.0,0.0,1.0
2019-09-18 11:00:00+00:00,10180.0,10182.3,10148.8,10163.8,69.48962569,BTC/USD,-0.0015913555992141948,10172.850392960067,10209.405332709399,0.0,-1.0,-1.0,0.0014241282818676503,0.002471348337479748,1.0,0.0,1.0,10216.549999999996,29.542057441723873,10246.09205744172,10187.007942558272,1.0,0.0,1.0
2019-09-18 12:00:00+00:00,10163.8,10224.1,10088.0,10198.6,297.2483602,BTC/USD,0.0034239162517957222,10185.725196480034,10208.681731902401,0.0,-1.0,-1.0,0.0028261661202022984,0.00256997092237201,0.0,-1.0,-1.0,10213.359999999997,27.718878233467045,10241.078878233464,10185.64112176653,0.0,0.0,0.0
2019-09-18 13:00:00+00:00,10198.6,10214.0,10180.9,10190.0,161.5855301,BTC/USD,-0.0008432529955092471,10187.862598240017,10207.430672203987,0.0,-1.0,-1.0,0.002380092243433396,0.0024902659900449724,1.0,0.0,1.0,10210.384999999997,26.814141496718857,10237.199141496716,10183.570858503277,0.0,0.0,0.0
2019-09-18 14:00:00+00:00,10190.0,10198.8,10175.1,10182.0,115.8461011,BTC/USD,-0.0007850834151128527,10184.93129912001,10205.727656163279,0.0,-1.0,-1.0,0.0017903760244342842,0.0024113959138700345,1.0,0.0,1.0,10207.594999999998,26.71428703099797,10234.309287030996,10180.880712969,0.0,0.0,0.0
2019-09-18 15:00:00+00:00,10182.0,10185.0,10155.6,10174.3,209.6701377,BTC/USD,-0.0007562364957769407,10179.615649560004,10203.623040047014,0.0,-1.0,-1.0,0.0012982691568732298,0.002334125976214078,1.0,0.0,1.0,10203.474999999995,25.044358015664045,10228.51935801566,10178.43064198433,1.0,0.0,1.0
2019-09-18 16:00:00+00:00,10174.3,10203.8,10150.1,10195.0,208.1804639,BTC/USD,0.00203453800261455,10187.307824780002,10203.045580851207,0.0,-1.0,-1.0,0.0018144978520912686,0.002325401052328339,1.0,0.0,1.0,10200.824999999995,22.787435942595067,10223.61243594259,10178.0375640574,0.0,0.0,0.0
2019-09-18 17:00:00+00:00,10195.0,10196.5,10184.5,10188.9,93.28830955,BTC/USD,-0.000598332515939215,10188.103912390001,10202.098293618626,0.0,-1.0,-1.0,0.0015279567724443383,0.0022504602482999975,1.0,0.0,1.0,10199.744999999995,22.816602334726774,10222.561602334723,10176.928397665268,0.0,0.0,0.0
2019-09-18 18:00:00+00:00,10188.9,10205.8,10170.0,10177.7,124.0476182,BTC/USD,-0.001099235442491242,10182.901956195,10200.46441288338,0.0,-1.0,-1.0,0.001299245153487712,0.0021889096241457942,1.0,0.0,1.0,10197.214999999997,22.282782472857882,10219.497782472854,10174.932217527139,0.0,0.0,0.0
2019-09-18 19:00:00+00:00,10177.7,10200.0,10175.0,10175.2,118.3998125,BTC/USD,-0.00024563506489683196,10179.0509780975,10198.772530732002,0.0,-1.0,-1.0,0.0009328648846383519,0.002114465745631196,1.0,0.0,1.0,10196.474999999997,22.77530691909623,10219.250306919093,10173.6996930809,0.0,0.0,0.0
2019-09-18 20:00:00+00:00,10175.2,10207.3,10125.0,10195.1,198.4228946,BTC/USD,0.00195573551379824,10187.075489048751,10198.52659233539,0.0,-1.0,-1.0,0.001573916135425531,0.0021124074450418495,1.0,0.0,1.0,10195.729999999998,22.552210767953728,10218.282210767951,10173.177789232044,0.0,0.0,0.0
2019-09-18 21:00:00+00:00,10195.1,10211.0,10185.0,10197.0,94.04934084,BTC/USD,0.0001863640376258413,10192.037744524376,10198.424361013547,0.0,-1.0,-1.0,0.0011725061977924775,0.002041137203360629,1.0,0.0,1.0,10192.974999999997,18.260797094384216,10211.235797094381,10174.714202905612,0.0,0.0,0.0
2019-09-18 22:00:00+00:00,10197.0,10211.5,10160.0,10167.1,104.39046090000001,BTC/USD,-0.002932234971069869,10179.568872262189,10196.32666226445,0.0,-1.0,-1.0,0.0022523885890481468,0.0021073252965786425,0.0,-1.0,-1.0,10189.734999999997,16.670310040252478,10206.405310040249,10173.064689959745,1.0,0.0,1.0
2019-09-18 23:00:00+00:00,10167.1,10176.9,10151.5,10157.6,64.69719012,BTC/USD,-0.0009343864032025362,10168.584436131096,10193.733253544837,0.0,-1.0,-1.0,0.0016024076589549836,0.0020440160203514923,1.0,0.0,1.0,10187.104999999998,17.4047626572155,10204.509762657213,10169.700237342782,1.0,0.0,1.0
2019-09-19 00:00:00+00:00,10157.6,10180.0,10140.7,10178.7,112.9990153,BTC/USD,0.0020772623454359262,10173.642218065548,10192.726521527471,0.0,-1.0,-1.0,0.002240097189233877,0.002061437786604575,0.0,-1.0,-1.0,10184.925,15.37684092517944,10200.301840925178,10169.54815907482,0.0,0.0,0.0
2019-09-19 01:00:00+00:00,10178.7,10178.7,10109.1,10124.1,108.3575742,BTC/USD,-0.00536414276872299,10148.871109032774,10188.130808679542,0.0,-1.0,-1.0,0.0039245657244995485,0.002400196760383966,0.0,-1.0,-1.0,10180.494999999999,19.232961700834228,10199.727961700833,10161.262038299164,1.0,0.0,1.0
2019-09-19 02:00:00+00:00,10124.1,10144.6,10083.7,10094.9,230.28358219999996,BTC/USD,-0.0028842069912388135,10121.885554516386,10181.887420325667,0.0,-1.0,-1.0,0.0027888486642228417,0.002399772370321177,0.0,-1.0,-1.0,10174.874999999998,26.16198276319423,10201.036982763193,10148.713017236803,1.0,0.0,1.0
2019-09-19 03:00:00+00:00,10094.9,10095.0,9633.8,9804.1,1354.719438,BTC/USD,-0.02880662512753962,9962.992777258194,10156.588126951432,0.0,-1.0,-1.0,0.016133503811020036,0.0075381830414757945,0.0,-1.0,-1.0,10154.64,86.18786946027961,10240.82786946028,10068.45213053972,1.0,0.0,1.0
2019-09-19 04:00:00+00:00,9807.8,9818.4,9778.5,9812.8,236.7884739,BTC/USD,0.0008873838496137321,9887.896388629097,10133.56566454433,0.0,-1.0,-1.0,0.015288134090365144,0.00733223737073401,0.0,-1.0,-1.0,10136.644999999999,114.98069620591691,10251.625696205916,10021.664303794081,1.0,0.0,1.0
2019-09-19 05:00:00+00:00,9812.8,9908.3,9797.6,9887.1,401.3156164,BTC/USD,0.007571743029512579,9887.498194314549,10117.060596300904,0.0,-1.0,-1.0,0.01418358688845399,0.00751233425715385,0.0,-1.0,-1.0,10122.199999999999,127.26709997811587,10249.467099978116,9994.932900021882,1.0,0.0,1.0
2019-09-19 06:00:00+00:00,9887.1,9900.0,9860.0,9871.7,121.9566908,BTC/USD,-0.0015575851361875337,9879.599097157276,10100.62953117189,0.0,-1.0,-1.0,0.010078992281464617,0.007256450877246833,0.0,-1.0,-1.0,10106.785,138.1071943512606,10244.89219435126,9968.67780564874,1.0,0.0,1.0
2019-09-19 07:00:00+00:00,9871.7,9885.5,9860.0,9876.5,63.63290992,BTC/USD,0.0004862384391746133,9878.049548578638,10085.62024696105,0.0,-1.0,-1.0,0.007166469607007929,0.007029536879462066,0.0,-1.0,-1.0,10092.42,146.54831285278672,10238.968312852787,9945.871687147213,1.0,0.0,1.0
2019-09-19 08:00:00+00:00,9876.5,9888.1,9859.2,9876.0,86.16630818,BTC/USD,-5.062522148535642e-05,9877.024774289319,10071.582606108754,0.0,-1.0,-1.0,0.005067678632417438,0.006799680441605883,1.0,0.0,1.0,10076.289999999999,151.9022604731107,10228.19226047311,9924.387739526888,1.0,0.0,1.0
2019-09-19 09:00:00+00:00,9876.0,9889.0,9867.9,9874.8,55.19480015,BTC/USD,-0.00012150668286758926,9875.912387144659,10058.404663660058,0.0,-1.0,-1.0,0.0035834447900816003,0.006575795263971801,1.0,0.0,1.0,10060.529999999999,155.78533509794178,10216.315335097941,9904.744664902057,1.0,0.0,1.0
2019-09-19 10:00:00+00:00,9874.8,9878.5,9812.0,9852.1,164.7819828,BTC/USD,-0.0022987807347996103,9864.00619357233,10044.589057502739,0.0,-1.0,-1.0,0.0028678861480957575,0.006356971766107594,1.0,0.0,1.0,10044.035,159.66391437213056,10203.698914372131,9884.371085627869,1.0,0.0,1.0
2019-09-19 11:00:00+00:00,9852.1,9859.2,9815.4,9855.0,120.295176,BTC/USD,0.00029435348808881656,9859.503096786164,10031.892845484423,0.0,-1.0,-1.0,0.0022253297448801153,0.006154811579593702,1.0,0.0,1.0,10028.07,161.90094144910057,10189.9709414491,9866.169058550899,1.0,0.0,1.0
2019-09-19 12:00:00+00:00,9854.4,9894.4,9812.7,9873.9,222.4813877,BTC/USD,0.0019178082191779744,9866.70154839308,10021.312537263744,0.0,-1.0,-1.0,0.0021413378386680795,0.005999458470880793,1.0,0.0,1.0,10012.015,160.38996646332166,10172.40496646332,9851.625033536679,0.0,0.0,0.0
2019-09-19 13:00:00+00:00,9873.9,9884.7,9854.6,9866.0,188.4878066,BTC/USD,-0.000800089123851766,9866.35077419654,10010.911721266364,0.0,-1.0,-1.0,0.0017812573450648355,0.005795405232227632,1.0,0.0,1.0,9995.869999999999,157.8794913517086,10153.749491351708,9837.99050864829,0.0,0.0,0.0
2019-09-19 14:00:00+00:00,9866.0,9868.0,9854.0,9860.2,50.35038970000001,BTC/USD,-0.0005878775592944585,9863.27538709827,10000.81900815282,0.0,-1.0,-1.0,0.001304399827652218,0.005599072065572445,1.0,0.0,1.0,9979.994999999999,154.56162618669148,10134.55662618669,9825.433373813308,0.0,0.0,0.0
2019-09-19 15:00:00+00:00,9860.3,9887.5,9860.0,9885.0,91.36517778,BTC/USD,0.0025151619642602707,9874.137693549135,9993.062955653651,0.0,-1.0,-1.0,0.001961084931773891,0.005481417447916404,1.0,0.0,1.0,9965.484999999999,148.78541338734541,10114.270413387345,9816.699586612653,0.0,0.0,0.0
2019-09-19 16:00:00+00:00,9885.0,10112.9,9879.6,10050.0,689.8460731,BTC/USD,0.01669195751138086,9962.068846774568,9996.875859184262,0.0,-1.0,-1.0,0.00964698512020886,0.006909323438030649,0.0,-1.0,-1.0,9958.23,140.29516291320743,10098.525162913207,9817.934837086792,0.0,0.0,0.0
2019-09-19 17:00:00+00:00,10050.0,10110.0,10032.4,10044.1,305.5820705,BTC/USD,-0.0005870646766168441,10003.084423387285,10000.038318621937,1.0,0.0,1.0,0.008958943265016204,0.006678806279076875,0.0,-1.0,-1.0,9950.585,130.41745635095825,10081.002456350958,9820.16754364904,0.0,0.0,0.0
2019-09-19 18:00:00+00:00,10044.1,10075.3,10029.0,10044.9,129.5385841,BTC/USD,7.964874901666974e-05,10023.992211693643,10003.042571218455,1.0,0.0,1.0,0.00680877806362948,0.006451655470259667,0.0,-1.0,-1.0,9944.474999999999,122.35312946334989,10066.828129463349,9822.121870536648,0.0,0.0,0.0
2019-09-19 19:00:00+00:00,10049.0,10124.4,10036.8,10114.8,146.5266561,BTC/USD,0.006958755189200527,10069.396105846821,10010.526631897492,1.0,0.0,1.0,0.005654162847054394,0.006456209775554313,1.0,0.0,1.0,9942.334999999997,118.7505624363479,10061.085562436345,9823.58443756365,0.0,-1.0,-1.0
2019-09-19 20:00:00+00:00,10114.8,10375.0,10114.4,10258.8,838.4597553,BTC/USD,0.014236564242496197,10164.098052923411,10027.152756640398,1.0,0.0,1.0,0.007159457283091103,0.007115217947346215,0.0,-1.0,-1.0,9946.339999999997,128.12270187926723,10074.462701879263,9818.21729812073,0.0,-1.0,-1.0
2019-09-19 21:00:00+00:00,10259.0,10315.0,10259.0,10267.1,223.5301219,BTC/USD,0.0008090614886733238,10215.599026461707,10043.22130571718,1.0,0.0,1.0,0.007295459435674976,0.006876363172060307,0.0,-1.0,-1.0,9953.489999999996,141.82253885161245,10095.31253885161,9811.667461148383,0.0,-1.0,-1.0
2019-09-19 22:00:00+00:00,10267.1,10270.6,10230.8,10240.6,121.14553629999999,BTC/USD,-0.002581059890329307,10228.099513230853,10056.439166407672,1.0,0.0,1.0,0.006980393227462576,0.006727383221760285,0.0,-1.0,-1.0,9960.774999999998,152.78691000351526,10113.561910003513,9807.988089996483,0.0,-1.0,-1.0
2019-09-19 23:00:00+00:00,10240.6,10290.0,10239.1,10274.4,75.12805534,BTC/USD,0.0033005878561802593,10251.249756615427,10071.035351395494,1.0,0.0,1.0,0.005091821719794953,0.006517449191097008,1.0,0.0,1.0,9984.289999999997,163.2381918031399,10147.528191803138,9821.051808196857,0.0,-1.0,-1.0
2019-09-20 00:00:00+00:00,10274.4,10310.0,10241.1,10241.8,207.48863169999998,BTC/USD,-0.003172934672584282,10246.524878307713,10082.470949063805,1.0,0.0,1.0,0.004910399036772175,0.006405111250219436,1.0,0.0,1.0,10005.739999999996,167.6443553918153,10173.384355391812,9838.09564460818,0.0,-1.0,-1.0
2019-09-20 01:00:00+00:00,10241.8,10265.0,10208.0,10220.7,116.8604494,BTC/USD,-0.0020601847331522816,10233.612439153858,10091.72773508771,1.0,0.0,1.0,0.0036100253569751562,0.006240780261031372,1.0,0.0,1.0,10022.419999999996,171.76420066934529,10194.184200669342,9850.65579933065,0.0,-1.0,-1.0
2019-09-20 02:00:00+00:00,10220.7,10236.6,10181.0,10198.2,113.97512490000001,BTC/USD,-0.0022014147758959712,10215.90621957693,10098.857864153188,1.0,0.0,1.0,0.0026178508229459103,0.006080945654304462,1.0,0.0,1.0,10038.744999999997,172.20059439655293,10210.94559439655,9866.544405603445,0.0,0.0,0.0
2019-09-20 03:00:00+00:00,10198.2,10250.0,10197.9,10229.1,75.89697829,BTC/USD,0.003029946461140076,10222.503109788464,10107.579790366706,1.0,0.0,1.0,0.003451635167315542,0.005902887413846277,1.0,0.0,1.0,10056.374999999996,172.76438130404048,10229.139381304038,9883.610618695955,0.0,0.0,0.0
2019-09-20 04:00:00+00:00,10228.3,10231.8,10207.9,10219.9,43.63955307,BTC/USD,-0.0008993948636732974,10221.201554894233,10115.101538795805,1.0,0.0,1.0,0.0026188916058419035,0.005719830791779275,1.0,0.0,1.0,10073.569999999996,170.97168463627992,10244.541684636277,9902.598315363715,0.0,0.0,0.0
2019-09-20 05:00:00+00:00,10219.9,10219.9,10164.4,10164.4,89.99055824,BTC/USD,-0.005430581512539279,10192.800777447115,10118.402909264489,1.0,0.0,1.0,0.00374018165462247,0.0057453849196307544,1.0,0.0,1.0,10088.049999999997,165.42484221256348,10253.474842212561,9922.625157787434,0.0,0.0,0.0
2019-09-20 06:00:00+00:00,10164.4,10200.0,10155.0,10172.1,50.98118585,BTC/USD,0.000757545944669813,10182.450388723559,10121.998842794223,1.0,0.0,1.0,0.003417633581091872,0.005550647144433091,1.0,0.0,1.0,10104.049999999997,156.64478589269106,10260.694785892689,9947.405214107306,0.0,0.0,0.0
2019-09-20 07:00:00+00:00,10172.1,10185.9,10155.0,10155.0,43.06506753,BTC/USD,-0.0016810688058512824,10168.72519436178,10124.208831568118,1.0,0.0,1.0,0.002451334427946743,0.00538707170813449,1.0,0.0,1.0,10119.049999999997,145.50894166772528,10264.558941667723,9973.541058332272,0.0,0.0,0.0
2019-09-20 08:00:00+00:00,10155.0,10198.0,10130.0,10145.4,159.3881936,BTC/USD,-0.0009453471196455565,10157.06259718089,10125.62794072384,1.0,0.0,1.0,0.0017505884134930033,0.005212284065866187,1.0,0.0,1.0,10132.624999999996,133.61263285293353,10266.23763285293,9999.012367147063,0.0,0.0,0.0
2019-09-20 09:00:00+00:00,10145.4,10146.0,10126.5,10138.2,148.68934319999997,BTC/USD,-0.0007096812348452719,10147.631298590444,10126.469853923787,1.0,0.0,1.0,0.001266285205535438,0.0050395899823044,1.0,0.0,1.0,10146.234999999997,117.97232625982987,10264.207326259826,10028.262673740168,0.0,0.0,0.0
2019-09-20 10:00:00+00:00,10138.2,10177.0,10137.9,10156.6,228.95132379999998,BTC/USD,0.0018149178355131301,10152.115649295221,10128.48757967107,1.0,0.0,1.0,0.0019031964958412142,0.0048874029412757335,1.0,0.0,1.0,10161.054999999997,96.88047152628563,10257.935471526282,10064.174528473712,0.0,0.0,0.0
2019-09-20 11:00:00+00:00,10156.6,10164.9,10141.1,10164.9,175.4533618,BTC/USD,0.0008172026071715521,10158.507824647611,10130.926010531402,1.0,0.0,1.0,0.001365062866210862,0.004723395625034906,1.0,0.0,1.0,10175.049999999997,71.89975111586678,10246.949751115864,10103.15024888413,0.0,0.0,0.0
2019-09-20 12:00:00+00:00,10164.1,10249.9,10163.0,10216.2,196.6881543,BTC/USD,0.005046778620547254,10187.353912323806,10136.636554505836,1.0,0.0,1.0,0.0028715331600526945,0.0047224639768777945,1.0,0.0,1.0,10183.359999999997,66.05285284087402,10249.412852840871,10117.307147159123,0.0,0.0,0.0
2019-09-20 13:00:00+00:00,10216.2,10216.3,10160.0,10175.3,139.00520480000003,BTC/USD,-0.004003445508114711,10181.326956161902,10139.225729787458,1.0,0.0,1.0,0.004655964385111856,0.004708107999161767,1.0,0.0,1.0,10189.919999999996,57.44908592554972,10247.369085925546,10132.470914074447,0.0,0.0,0.0
2019-09-20 14:00:00+00:00,10175.3,10183.1,10160.0,10179.7,144.08757549999999,BTC/USD,0.00043241968295792965,10180.513478080951,10141.936170583323,1.0,0.0,1.0,0.003350404798962867,0.004547919184686217,1.0,0.0,1.0,10196.659999999998,46.38094436292601,10243.040944362923,10150.279055637073,0.0,0.0,0.0
2019-09-20 15:00:00+00:00,10179.7,10179.7,10130.5,10173.2,79.75938502,BTC/USD,-0.0006385256932915917,10176.856739040475,10144.029815712462,1.0,0.0,1.0,0.002394095268788407,0.004399229098381518,1.0,0.0,1.0,10199.579999999998,42.64383215717603,10242.223832157175,10156.936167842821,0.0,0.0,0.0
2019-09-20 16:00:00+00:00,10173.2,10173.3,10085.7,10085.8,240.1841662,BTC/USD,-0.008591200408917699,10131.328369520237,10140.130339150834,0.0,-1.0,-1.0,0.005319124532960988,0.004804364587839013,0.0,-1.0,-1.0,10190.929999999998,47.291849748434586,10238.221849748434,10143.638150251563,1.0,0.0,1.0
2019-09-20 17:00:00+00:00,10088.0,10154.9,10069.0,10118.0,192.38407759999998,BTC/USD,0.003192607428265548,10124.664184760119,10138.648336541626,0.0,-1.0,-1.0,0.006015626438947166,0.004728407499413343,0.0,-1.0,-1.0,10183.474999999999,46.396028357667696,10229.871028357666,10137.078971642331,1.0,0.0,1.0
2019-09-20 18:00:00+00:00,10118.0,10159.1,10117.9,10155.2,69.21667242,BTC/USD,0.003676615932002525,10139.932092380059,10139.756751928524,1.0,0.0,1.0,0.0050083475074242,0.004668975397259046,0.0,-1.0,-1.0,10179.204999999998,44.76299546673628,10223.967995466734,10134.442004533263,0.0,0.0,0.0
2019-09-20 19:00:00+00:00,10155.2,10174.0,10148.2,10155.5,75.27582203,BTC/USD,2.954151567657881e-05,10147.71604619003,10140.811030155364,1.0,0.0,1.0,0.00365684953087841,0.004509996048486468,1.0,0.0,1.0,10173.259999999998,38.97621947043852,10212.236219470436,10134.28378052956,0.0,0.0,0.0
2019-09-20 20:00:00+00:00,10155.5,10160.5,10129.2,10136.6,74.30757619,BTC/USD,-0.001861060509083745,10142.158023095015,10140.529030063311,1.0,0.0,1.0,0.003047886988283735,0.004385340230082997,1.0,0.0,1.0,10168.0,36.24234220381508,10204.242342203815,10131.757657796185,0.0,0.0,0.0
2019-09-20 21:00:00+00:00,10136.5,10141.5,10079.0,10127.6,130.00296559999998,BTC/USD,-0.0008878716729475711,10134.879011547508,10139.66321159764,0.0,-1.0,-1.0,0.002165465259068096,0.0042417705313316165,1.0,0.0,1.0,10163.345,35.07745527284621,10198.422455272845,10128.267544727154,1.0,0.0,1.0
2019-09-20 22:00:00+00:00,10127.6,10149.4,10125.2,10139.8,54.7078965,BTC/USD,0.001204628934792007,10137.339505773754,10139.67237190774,0.0,-1.0,-1.0,0.001930695191711828,0.00411017034892082,1.0,0.0,1.0,10160.425,34.44835761110802,10194.873357611108,10125.97664238889,0.0,0.0,0.0
2019-09-20 23:00:00+00:00,10138.1,10181.1,10138.1,10173.3,85.0693385,BTC/USD,0.003303812698475239,10155.319752886877,10141.92431356279,1.0,0.0,1.0,0.00231812817992534,0.0040575431031378275,1.0,0.0,1.0,10157.634999999998,30.643042912624352,10188.278042912623,10126.991957087374,0.0,0.0,0.0
2019-09-21 00:00:00+00:00,10173.8,10175.1,10148.3,10160.9,40.64345176,BTC/USD,-0.0012188768639477265,10158.10987644344,10143.195058517023,1.0,0.0,1.0,0.0024588873470276374,0.003936676652078884,1.0,0.0,1.0,10154.684999999998,26.950837795741247,10181.635837795739,10127.734162204257,0.0,0.0,0.0
2019-09-21 01:00:00+00:00,10160.9,10172.6,10155.7,10155.8,85.12809823,BTC/USD,-0.00050192404216165,10156.95493822172,10144.03917373999,1.0,0.0,1.0,0.0018030387131888095,0.003806030390109395,1.0,0.0,1.0,10154.254999999997,26.856117111626794,10181.111117111624,10127.39888288837,0.0,0.0,0.0
2019-09-21 02:00:00+00:00,10155.8,10164.6,10118.9,10120.0,61.49476177,BTC/USD,-0.0035250792650504126,10138.47746911086,10142.429342188696,0.0,-1.0,-1.0,0.0024481636599922537,0.0037898262049060275,1.0,0.0,1.0,10151.649999999998,27.551874518285416,10179.201874518283,10124.098125481712,1.0,0.0,1.0
2019-09-21 03:00:00+00:00,10120.0,10134.6,10120.0,10131.0,25.47386571,BTC/USD,0.0010869565217390686,10134.73873455543,10141.663953333617,0.0,-1.0,-1.0,0.0024824649261068156,0.0036742293677617982,1.0,0.0,1.0,10150.449999999997,27.918499808847656,10178.368499808845,10122.53150019115,0.0,0.0,0.0
2019-09-21 04:00:00+00:00,10131.0,10134.7,10090.0,10096.1,69.36585899,BTC/USD,-0.0034448721745138355,10115.419367277715,10138.612671685109,0.0,-1.0,-1.0,0.0025761416320303756,0.0036516300928895592,1.0,0.0,1.0,10147.984999999997,30.449531583949195,10178.434531583945,10117.535468416048,1.0,0.0,1.0
2019-09-21 05:00:00+00:00,10096.1,10112.4,10091.0,10094.9,35.70488996,BTC/USD,-0.00011885777676534648,10105.159683638856,10135.685364830424,0.0,-1.0,-1.0,0.0021248733344684315,0.0035275211690179893,1.0,0.0,1.0,10145.819999999996,32.6422651432456,10178.462265143242,10113.17773485675,1.0,0.0,1.0
2019-09-21 06:00:00+00:00,10094.9,10103.4,9965.0,10057.8,359.4290065,BTC/USD,-0.0036751230819522807,10081.479841819428,10130.469614944664,0.0,-1.0,-1.0,0.0022174127661267404,0.003515038129599846,1.0,0.0,1.0,10140.879999999996,37.96679435614774,10178.846794356143,10102.913205643848,1.0,0.0,1.0
2019-09-21 07:00:00+00:00,10057.8,10088.7,10057.8,10077.5,24.50629385,BTC/USD,0.0019586788363261665,10079.489920909713,10126.922398292372,0.0,-1.0,-1.0,0.0030658775159187798,0.0034528485137292233,1.0,0.0,1.0,10136.509999999997,40.03038188279058,10176.540381882787,10096.479618117206,1.0,0.0,1.0
2019-09-21 08:00:00+00:00,10077.5,10077.5,9992.0,10030.2,100.9642422,BTC/USD,-0.004693624410816111,10054.844960454857,10120.445188627347,0.0,-1.0,-1.0,0.003506773139727589,0.0035140503016662713,1.0,0.0,1.0,10127.209999999995,42.09495406687889,10169.304954066874,10085.115045933117,1.0,0.0,1.0
2019-09-21 09:00:00+00:00,10030.2,10050.0,9990.0,9990.1,65.49391636,BTC/USD,-0.003997926262686691,10022.472480227429,10111.716361277404,0.0,-1.0,-1.0,0.0026561906498584285,0.003500520184082951,1.0,0.0,1.0,10117.949999999997,50.49193265419651,10168.441932654194,10067.4580673458,1.0,0.0,1.0
2019-09-21 10:00:00+00:00,9990.1,10034.5,9978.1,9989.9,63.56509697,BTC/USD,-2.0019819621519552e-05,10006.186240113715,10103.558683980784,0.0,-1.0,-1.0,0.002714552174099727,0.0033880275349559624,1.0,0.0,1.0,10108.459999999995,55.829537550977285,10164.289537550972,10052.630462449019,1.0,0.0,1.0
2019-09-21 11:00:00+00:00,9989.5,10060.0,9984.4,10044.7,71.18679819,BTC/USD,0.005485540395799848,10025.443120056858,10099.61709399251,0.0,-1.0,-1.0,0.004755944587709447,0.003642843501526792,0.0,-1.0,-1.0,10102.034999999996,55.37920258495534,10157.414202584952,10046.65579741504,1.0,0.0,1.0
2019-09-21 12:00:00+00:00,10044.7,10049.2,9903.7,9974.9,173.3701738,BTC/USD,-0.006948938246040259,10000.17156002843,10091.26516330361,0.0,-1.0,-1.0,0.006394563417649228,0.0038951642764672167,0.0,-1.0,-1.0,10096.489999999996,62.21992319268376,10158.70992319268,10034.270076807312,1.0,0.0,1.0
2019-09-21 13:00:00+00:00,9974.9,10010.0,9952.2,10009.6,121.7102353,BTC/USD,0.0034787316163571447,10004.885780014214,10085.79629162151,0.0,-1.0,-1.0,0.005821188896320381,0.003918372581152779,0.0,-1.0,-1.0,10091.069999999996,64.91075736001612,10155.980757360012,10026.15924263998,1.0,0.0,1.0
2019-09-21 14:00:00+00:00,10009.6,10010.0,9981.9,9999.4,40.82245898,BTC/USD,-0.0010190217391304879,10002.142890007108,10080.010590429301,0.0,-1.0,-1.0,0.0042180244448903545,0.003786906404629728,0.0,-1.0,-1.0,10083.279999999995,66.14647701163653,10149.426477011632,10017.133522988359,1.0,0.0,1.0
2019-09-21 15:00:00+00:00,9999.4,10052.1,9997.1,10034.5,102.54106479999999,BTC/USD,0.0035102106126367882,10018.321445003554,10076.962882334858,0.0,-1.0,-1.0,0.0037743512101366438,0.0038021270299883293,1.0,0.0,1.0,10077.229999999996,64.71129487352972,10141.941294873526,10012.518705126466,0.0,0.0,0.0
2019-09-21 16:00:00+00:00,10034.5,10068.2,9980.0,9993.3,125.8404558,BTC/USD,-0.0041058348696996205,10005.810722501777,10071.360229385484,0.0,-1.0,-1.0,0.0044073226641634855,0.003798505672466338,0.0,-1.0,-1.0,10070.064999999995,65.71717131208267,10135.782171312077,10004.347828687913,1.0,0.0,1.0
2019-09-21 17:00:00+00:00,9993.3,10001.6,9954.9,9969.4,116.952901,BTC/USD,-0.0023916023735902625,9987.605361250888,10064.532257841318,0.0,-1.0,-1.0,0.003194960300773836,0.0036989374942461087,1.0,0.0,1.0,10062.154999999995,67.91170331663714,10130.066703316632,9994.243296683358,1.0,0.0,1.0
2019-09-21 18:00:00+00:00,9969.4,9997.5,9962.3,9994.7,23.90219991,BTC/USD,0.002537765562621752,9991.152680625444,10059.855800439454,0.0,-1.0,-1.0,0.0034949767145691295,0.003665093251084624,1.0,0.0,1.0,10054.899999999996,66.92364856192997,10121.823648561925,9987.976351438067,0.0,0.0,0.0
2019-09-21 19:00:00+00:00,9994.7,10010.0,9978.0,10007.6,42.923394,BTC/USD,0.0012906840625530602,9999.376340312723,10056.356385809175,0.0,-1.0,-1.0,0.002536123728075817,0.0035680736870917933,1.0,0.0,1.0,10046.614999999996,61.5341691557052,10108.149169155702,9985.08083084429,0.0,0.0,0.0
2019-09-21 20:00:00+00:00,10007.6,10019.7,9960.0,9960.2,41.99598243,BTC/USD,-0.00473640033574485,9979.788170156362,10049.917080306901,0.0,-1.0,-1.0,0.0038492586384095188,0.003623447528976349,0.0,-1.0,-1.0,10036.579999999998,58.18983995237526,10094.769839952374,9978.390160047622,1.0,0.0,1.0
2019-09-21 21:00:00+00:00,9960.2,9994.9,9959.0,9981.8,130.3997564,BTC/USD,0.0021686311519848456,9980.794085078182,10045.3554832135,0.0,-1.0,-1.0,0.0037129907967084082,0.0035719492246106153,0.0,-1.0,-1.0,10027.879999999997,52.1176462690949,10079.997646269092,9975.762353730903,0.0,0.0,0.0
2019-09-21 22:00:00+00:00,9981.8,10000.0,9950.0,9979.6,140.6546288,BTC/USD,-0.00022040113005661333,9980.19704253909,10040.95203521264,0.0,-1.0,-1.0,0.0026331067438643296,0.00345075734698141,1.0,0.0,1.0,10020.859999999997,48.37789186241599,10069.237891862413,9972.482108137581,0.0,0.0,0.0
2019-09-21 23:00:00+00:00,9979.6,10000.0,9974.3,9978.4,26.48387221,BTC/USD,-0.00012024530041288006,9979.298521269546,10036.763112541164,0.0,-1.0,-1.0,0.0018622917274937437,0.0033341546487078684,1.0,0.0,1.0,10013.229999999998,41.660079338923055,10054.89007933892,9971.569920661075,0.0,0.0,0.0
2019-09-22 00:00:00+00:00,9978.4,9989.9,9931.8,9948.5,51.772042,BTC/USD,-0.0029964723803415083,9963.899260634773,10030.852395936632,0.0,-1.0,-1.0,0.0022147290364886944,0.003287065971153911,1.0,0.0,1.0,10005.849999999997,39.208571834004445,10045.058571834,9966.641428165993,1.0,0.0,1.0
2019-09-22 01:00:00+00:00,9948.8,9952.8,9853.9,9902.8,362.9032288,BTC/USD,-0.004593657335276724,9933.349630317385,10022.27711005421,0.0,-1.0,-1.0,0.0024379393786166034,0.003334930514831113,1.0,0.0,1.0,9996.244999999997,39.771193952662664,10036.01619395266,9956.473806047334,1.0,0.0,1.0
2019-09-22 02:00:00+00:00,9902.8,9930.1,9887.8,9920.3,109.76897759999999,BTC/USD,0.0017671769600517973,9926.824815158692,10015.448008062156,0.0,-1.0,-1.0,0.0034262515488610585,0.0032895607228344754,0.0,-1.0,-1.0,9989.369999999997,40.449137652630675,10029.819137652628,9948.920862347366,1.0,0.0,1.0
2019-09-22 03:00:00+00:00,9920.3,9920.3,9859.6,9868.4,81.30117262,BTC/USD,-0.005231696622077897,9897.612407579345,10005.60064286176,0.0,-1.0,-1.0,0.003706752097353919,0.003382181484251862,0.0,-1.0,-1.0,9978.914999999997,43.38761980831751,10022.302619808315,9935.52738019168,1.0,0.0,1.0
2019-09-22 04:00:00+00:00,9868.4,9900.0,9850.0,9890.6,152.7978893,BTC/USD,0.0022496047991569235,9894.106203789674,9997.899393837964,0.0,-1.0,-1.0,0.004119914432043106,0.003368847354557095,0.0,-1.0,-1.0,9971.934999999996,45.86146501894422,10017.79646501894,9926.073534981051,1.0,0.0,1.0
2019-09-22 05:00:00+00:00,9890.6,9969.9,9877.6,9925.0,86.77502813,BTC/USD,0.0034780498655289094,9909.553101894837,9993.017539513856,0.0,-1.0,-1.0,0.0037376260940251336,0.003428529907416498,0.0,-1.0,-1.0,9968.679999999997,46.80487603927943,10015.484876039276,9921.875123960717,0.0,0.0,0.0
2019-09-22 06:00:00+00:00,9925.0,9946.6,9912.5,9931.4,29.71716565,BTC/USD,0.0006448362720403722,9920.476550947418,9988.89119722375,0.0,-1.0,-1.0,0.002702450070307898,0.0033241175527087114,1.0,0.0,1.0,9965.754999999996,47.234927699072124,10012.989927699067,9918.520072300924,0.0,0.0,0.0
2019-09-22 07:00:00+00:00,9931.4,10030.0,9925.6,10025.0,111.20903,BTC/USD,0.009424653120406079,9972.738275473708,9991.309295724863,0.0,-1.0,-1.0,0.005441025164904994,0.004070024273903721,0.0,-1.0,-1.0,9964.769999999995,45.68189898347683,10010.451898983472,9919.088101016518,0.0,-1.0,-1.0
2019-09-22 08:00:00+00:00,10025.0,10070.0,10009.9,10010.0,103.25659559999998,BTC/USD,-0.0014962593516208988,9991.369137736854,9992.560956276238,0.0,-1.0,-1.0,0.0056520564988393794,0.003956469295073901,0.0,-1.0,-1.0,9966.524999999996,46.75322533202479,10013.27822533202,9919.771774667972,0.0,0.0,0.0
2019-09-22 09:00:00+00:00,10010.0,10010.0,9984.3,10006.4,46.11202112,BTC/USD,-0.00035964035964042296,9998.884568868427,9993.48771563441,1.0,0.0,1.0,0.004226260561051468,0.0038237695325189663,0.0,-1.0,-1.0,9966.364999999994,46.603289639926416,10012.96828963992,9919.761710360068,0.0,0.0,0.0
2019-09-22 10:00:00+00:00,10006.4,10022.9,9989.9,10003.5,31.44263806,BTC/USD,-0.00028981451870802033,10001.192284434213,9994.158208366258,1.0,0.0,1.0,0.0030570916860441773,0.0036948625330666092,1.0,0.0,1.0,9966.569999999996,46.764990278938235,10013.334990278934,9919.805009721058,0.0,0.0,0.0
2019-09-22 11:00:00+00:00,10003.5,10027.3,9996.0,10005.0,25.47204566,BTC/USD,0.00014994751836860942,10003.096142217106,9994.88425071835,1.0,0.0,1.0,0.0021623367157584204,0.0035690519003415324,1.0,0.0,1.0,9965.094999999996,44.93925110049587,10010.034251100491,9920.1557488995,0.0,0.0,0.0
2019-09-22 12:00:00+00:00,10005.0,10045.9,10005.0,10035.2,79.27591175,BTC/USD,0.0030184907546226825,10019.148071108553,9997.584075841696,1.0,0.0,1.0,0.0023089777733681744,0.0035275645624235994,1.0,0.0,1.0,9967.189999999997,47.24103813645754,10014.431038136454,9919.94896186354,0.0,-1.0,-1.0
2019-09-22 13:00:00+00:00,10035.2,10060.0,9931.0,9975.8,206.28554619999997,BTC/USD,-0.005919164540816424,9997.474035554276,9996.125261450441,1.0,0.0,1.0,0.004888774657155156,0.0037544216525144977,0.0,-1.0,-1.0,9967.509999999997,47.27845731742413,10014.788457317421,9920.231542682572,0.0,0.0,0.0
2019-09-22 14:00:00+00:00,9975.8,9991.0,9940.0,9988.9,64.78424932,BTC/USD,0.0013131778904951208,9993.187017777138,9995.64140730574,0.0,-1.0,-1.0,0.004057712159548945,0.0036452645635805816,0.0,-1.0,-1.0,9967.219999999996,47.12042355273538,10014.34042355273,9920.099576447261,0.0,0.0,0.0
2019-09-22 15:00:00+00:00,9988.9,9994.1,9956.4,9989.4,25.41750823,BTC/USD,5.005556167336778e-05,9991.293508888568,9995.223438929876,0.0,-1.0,-1.0,0.002883745765769672,0.0035211686466028362,1.0,0.0,1.0,9966.309999999994,46.47081596918453,10012.78081596918,9919.839184030809,0.0,0.0,0.0
2019-09-22 16:00:00+00:00,9989.4,10020.0,9972.3,10003.8,101.51369720000001,BTC/USD,0.0014415280197008773,9997.546754444284,9995.797785567644,1.0,0.0,1.0,0.0022696094269262276,0.003421886874230884,1.0,0.0,1.0,9968.489999999994,47.186259150639046,10015.676259150634,9921.303740849355,0.0,0.0,0.0
2019-09-22 17:00:00+00:00,10003.8,10020.0,9990.0,9993.6,26.77322573,BTC/USD,-0.0010196125472319295,9995.573377222143,9995.650606442936,0.0,-1.0,-1.0,0.00189561362550697,0.003316812338502577,1.0,0.0,1.0,9969.079999999994,47.43455990819239,10016.514559908186,9921.645440091803,0.0,0.0,0.0
2019-09-22 18:00:00+00:00,9993.6,9993.6,9957.8,9970.9,79.36144238,BTC/USD,-0.002271453730387507,9983.236688611072,9993.993132371803,0.0,-1.0,-1.0,0.0018472055002108575,0.0032551643809750693,1.0,0.0,1.0,9968.644999999993,47.37286004054155,10016.017860040534,9921.272139959452,0.0,0.0,0.0
2019-09-22 19:00:00+00:00,9970.9,9987.4,9970.0,9980.8,30.16000163,BTC/USD,0.0009928893078858803,9982.018344305536,9993.109627764603,0.0,-1.0,-1.0,0.001888166157357287,0.0031579242315582985,1.0,0.0,1.0,9968.764999999994,47.40190174954343,10016.166901749537,9921.363098250451,0.0,0.0,0.0
2019-09-22 20:00:00+00:00,9980.8,10010.0,9977.6,10003.3,77.82845919,BTC/USD,0.002254328310355991,9992.659172152767,9993.792046508333,0.0,-1.0,-1.0,0.0019741628523233146,0.0031077482205981275,1.0,0.0,1.0,9971.504999999994,47.7513898943449,10019.256389894339,9923.753610105648,0.0,0.0,0.0
2019-09-22 21:00:00+00:00,10003.3,10058.7,9991.9,10049.0,75.08487973,BTC/USD,0.004568492397508894,10020.829586076383,9997.489157997046,1.0,0.0,1.0,0.0025585951828907094,0.0032122873332378365,1.0,0.0,1.0,9978.814999999993,47.87048618269884,10026.685486182692,9930.944513817294,0.0,-1.0,-1.0
2019-09-22 22:00:00+00:00,10050.3,10079.6,10017.5,10040.3,55.39857308,BTC/USD,-0.000865757786844501,10030.564793038191,10000.356072015775,1.0,0.0,1.0,0.002891580436214343,0.0031188799516744894,1.0,0.0,1.0,9984.814999999993,47.6701857061899,10032.485185706184,9937.144814293802,0.0,-1.0,-1.0
2019-09-22 23:00:00+00:00,10040.3,10080.0,10024.5,10029.1,76.8840404,BTC/USD,-0.0011155045167972055,10029.832396519096,10002.28096688436,1.0,0.0,1.0,0.0024126736491647412,0.003033842853128919,1.0,0.0,1.0,9992.849999999995,39.93018248998604,10032.780182489982,9952.919817510008,0.0,0.0,0.0
2019-09-23 00:00:00+00:00,10029.2,10045.4,9950.1,9995.6,318.8179061,BTC/USD,-0.003340279785823297,10012.716198259548,10001.833562518474,1.0,0.0,1.0,0.0026308956305098733,0.003065612627926968,1.0,0.0,1.0,9998.099999999995,31.867505310835906,10029.967505310831,9966.232494689159,0.0,0.0,0.0
2019-09-23 01:00:00+00:00,9995.6,10009.1,9960.2,9985.0,45.96330177,BTC/USD,-0.0010604666053063427,9998.858099129775,10000.706269194834,0.0,-1.0,-1.0,0.001901735793454293,0.002972561740842159,1.0,0.0,1.0,10001.099999999995,27.089733926522836,10028.189733926518,9974.010266073472,0.0,0.0,0.0
2019-09-23 02:00:00+00:00,9985.0,9988.3,9961.1,9961.1,39.39105294,BTC/USD,-0.0023935903855782925,9979.979049564889,9998.053955830468,0.0,-1.0,-1.0,0.0014803645403999538,0.0029296095488683003,1.0,0.0,1.0,10002.584999999995,23.665459507126904,10026.250459507122,9978.919540492869,1.0,0.0,1.0
2019-09-23 03:00:00+00:00,9961.1,9967.7,9930.3,9967.7,94.01965838,BTC/USD,0.0006625774261879158,9973.839524782445,9996.02124221348,0.0,-1.0,-1.0,0.0018803192357339771,0.002839549134545074,1.0,0.0,1.0,9999.719999999996,24.26974724998658,10023.989747249982,9975.45025275001,1.0,0.0,1.0
2019-09-23 04:00:00+00:00,9967.7,9979.1,9961.5,9975.9,23.72949069,BTC/USD,0.0008226571826999152,9974.869762391223,9994.673782815878,0.0,-1.0,-1.0,0.001593893325974109,0.002755109500383772,1.0,0.0,1.0,9998.014999999996,24.703468220162414,10022.718468220159,9973.311531779833,0.0,0.0,0.0
2019-09-23 05:00:00+00:00,9975.9,9975.9,9930.0,9947.0,35.60959416,BTC/USD,-0.0028969817259595354,9960.934881195612,9991.481212198576,0.0,-1.0,-1.0,0.0021562823537514654,0.0027527572830012195,1.0,0.0,1.0,9995.044999999995,27.097066747438515,10022.142066747434,9967.947933252555,1.0,0.0,1.0
2019-09-23 06:00:00+00:00,9947.0,9947.0,9850.0,9915.0,201.61688930000003,BTC/USD,-0.0032170503669448625,9937.967440597806,9986.359494213999,0.0,-1.0,-1.0,0.0018890014573648992,0.0027595357027676765,1.0,0.0,1.0,9990.619999999995,32.35890180947436,10022.978901809469,9958.261098190522,1.0,0.0,1.0
2019-09-23 07:00:00+00:00,9915.0,9944.5,9881.0,9886.4,123.41033829999999,BTC/USD,-0.0028845184064548723,9912.183720298903,9979.665505918992,0.0,-1.0,-1.0,0.0013818235587494353,0.0027331309374261214,1.0,0.0,1.0,9984.689999999995,39.63424755116333,10024.324247551158,9945.055752448832,1.0,0.0,1.0
2019-09-23 08:00:00+00:00,9886.4,9936.8,9886.4,9927.9,65.30518465,BTC/USD,0.004197685709661725,9920.041860149451,9976.198924846014,0.0,-1.0,-1.0,0.004273186852950652,0.0029159529740957514,0.0,-1.0,-1.0,9979.324999999993,39.69938187242011,10019.024381872414,9939.625618127573,1.0,0.0,1.0
2019-09-23 09:00:00+00:00,9927.9,9961.5,9925.4,9947.1,50.36022942,BTC/USD,0.0019339437343246502,9933.570930074726,9974.250256899582,0.0,-1.0,-1.0,0.003100214758113384,0.002875584140408099,0.0,-1.0,-1.0,9977.889999999996,40.346928403269835,10018.236928403265,9937.543071596727,0.0,0.0,0.0
2019-09-23 10:00:00+00:00,9947.1,9947.1,9908.1,9914.9,37.97898443,BTC/USD,-0.003237124388012713,9924.235465037364,9970.275747743495,0.0,-1.0,-1.0,0.0035716476378716638,0.002883737334853954,0.0,-1.0,-1.0,9974.189999999995,42.613525157108135,10016.803525157104,9931.576474842886,1.0,0.0,1.0
2019-09-23 11:00:00+00:00,9914.9,9936.0,9905.8,9910.2,45.77842953,BTC/USD,-0.0004740340295916745,9917.217732518682,9966.252654635924,0.0,-1.0,-1.0,0.0025412497262455023,0.0027855798250432536,1.0,0.0,1.0,9970.229999999996,44.75199613307208,10014.981996133069,9925.478003866923,1.0,0.0,1.0
2019-09-23 12:00:00+00:00,9910.2,9920.2,9874.5,9915.5,92.12037953,BTC/USD,0.0005348025266895817,9916.358866259341,9962.853901183391,0.0,-1.0,-1.0,0.0019506031210314869,0.0027011823609945384,1.0,0.0,1.0,9965.814999999997,45.613170708744974,10011.428170708741,9920.201829291253,1.0,0.0,1.0
2019-09-23 13:00:00+00:00,9915.5,9924.3,9882.6,9896.9,57.91504832,BTC/USD,-0.0018758509404468438,9906.62943312967,9958.437165724663,0.0,-1.0,-1.0,0.001762204056289611,0.0026383638514766495,1.0,0.0,1.0,9960.979999999996,47.59499752572352,10008.574997525719,9913.385002474273,1.0,0.0,1.0
2019-09-23 14:00:00+00:00,9896.9,9946.7,9668.3,9902.4,845.6387127999999,BTC/USD,0.0005557295718860988,9904.514716564834,9954.684524373326,0.0,-1.0,-1.0,0.0015612450464188644,0.002561061387181722,1.0,0.0,1.0,9957.554999999997,49.27847266729228,10006.83347266729,9908.276527332704,1.0,0.0,1.0
2019-09-23 15:00:00+00:00,9902.4,9935.6,9850.0,9862.2,161.7180604,BTC/USD,-0.004059621909839883,9883.357358282417,9948.491112446904,0.0,-1.0,-1.0,0.002601816627043139,0.002645589734247654,1.0,0.0,1.0,9951.624999999996,53.305444325481375,10004.930444325477,9898.319555674516,1.0,0.0,1.0
2019-09-23 16:00:00+00:00,9862.2,9875.3,9755.0,9792.8,223.66670290000002,BTC/USD,-0.0070369694388677795,9838.078679141208,9938.064944402027,0.0,-1.0,-1.0,0.0035202529919839904,0.0030323565311790356,0.0,-1.0,-1.0,9941.099999999997,62.54577271255778,10003.645772712554,9878.554227287439,1.0,0.0,1.0
2019-09-23 17:00:00+00:00,9796.4,9825.1,9773.3,9777.4,110.1409289,BTC/USD,-0.001572583939220662,9807.739339570604,9927.305693710518,0.0,-1.0,-1.0,0.0030987732650507,0.0029320764703334454,0.0,-1.0,-1.0,9927.519999999997,67.19745139277956,9994.717451392777,9860.322548607217,1.0,0.0,1.0
2019-09-23 18:00:00+00:00,9775.7,9835.0,9767.6,9818.4,180.7721281,BTC/USD,0.004193343833738927,9813.069669785302,9920.012605198115,0.0,-1.0,-1.0,0.004963534883155197,0.003134451394689995,0.0,-1.0,-1.0,9916.424999999997,65.90276629447486,9982.327766294473,9850.522233705522,1.0,0.0,1.0
2019-09-23 19:00:00+00:00,9818.4,9835.1,9790.6,9796.6,144.22416819999998,BTC/USD,-0.002220321029902994,9804.834834892652,9911.748032221349,0.0,-1.0,-1.0,0.003900092057090582,0.003051274237645624,0.0,-1.0,-1.0,9904.799999999997,65.4859888590178,9970.285988859016,9839.31401114098,1.0,0.0,1.0
2019-09-23 20:00:00+00:00,9801.3,9816.0,9753.4,9763.5,114.59155200000001,BTC/USD,-0.0033787232305085846,9784.167417446326,9901.820304992929,0.0,-1.0,-1.0,0.0031682954221961225,0.003017744172653008,0.0,-1.0,-1.0,9893.194999999996,69.01846034520511,9962.213460345201,9824.17653965479,1.0,0.0,1.0
2019-09-23 21:00:00+00:00,9763.5,9825.0,9616.8,9740.7,487.6689465,BTC/USD,-0.0023352281456444635,9762.433708723163,9891.030560164876,0.0,-1.0,-1.0,0.002244746711938793,0.0029346166845491605,1.0,0.0,1.0,9880.979999999998,73.39505648060616,9954.375056480603,9807.584943519392,1.0,0.0,1.0
2019-09-23 22:00:00+00:00,9740.7,9740.7,9615.0,9714.9,281.45278199999996,BTC/USD,-0.002648680279651483,9738.666854361581,9879.235623451686,0.0,-1.0,-1.0,0.0016088148774132589,0.0028622101620671405,1.0,0.0,1.0,9868.669999999996,79.63154690925006,9948.301546909246,9789.038453090747,1.0,0.0,1.0
2019-09-23 23:00:00+00:00,9714.9,9725.0,9669.0,9686.9,137.5595594,BTC/USD,-0.002882170686265395,9712.783427180791,9866.355482128223,0.0,-1.0,-1.0,0.0011701762980175906,0.002797812312771549,1.0,0.0,1.0,9854.629999999996,85.77002359432443,9940.40002359432,9768.85997640567,1.0,0.0,1.0
2019-09-24 00:00:00+00:00,9686.9,9753.8,9601.0,9740.0,164.6698656,BTC/USD,0.005481629829976686,9726.391713590396,9857.893833487173,0.0,-1.0,-1.0,0.005052884667504972,0.003207453412764787,0.0,-1.0,-1.0,9842.834999999995,84.42518503636153,9927.260185036357,9758.409814963634,1.0,0.0,1.0
2019-09-24 01:00:00+00:00,9740.0,9775.6,9720.0,9720.0,111.2586938,BTC/USD,-0.002053388090349051,9723.195856795199,9848.659495973016,0.0,-1.0,-1.0,0.004155511990139631,0.0031131907003007996,0.0,-1.0,-1.0,9831.484999999997,84.94154816852752,9916.426548168525,9746.543451831469,1.0,0.0,1.0
2019-09-24 02:00:00+00:00,9720.0,9748.3,9678.6,9713.6,70.85091957,BTC/USD,-0.0006584362139917532,9718.3979283976,9839.614965563156,0.0,-1.0,-1.0,0.002945653239258594,0.0030079618887786,1.0,0.0,1.0,9821.414999999997,86.44447122440235,9907.8594712244,9734.970528775595,1.0,0.0,1.0
2019-09-24 03:00:00+00:00,9713.6,9726.2,9675.0,9709.3,50.31849599,BTC/USD,-0.0004426783067040807,9713.8489641988,9830.888162161407,0.0,-1.0,-1.0,0.0020830899858233164,0.0029079904952037613,1.0,0.0,1.0,9812.559999999996,88.48395275269085,9901.043952752687,9724.076047247305,1.0,0.0,1.0
2019-09-24 04:00:00+00:00,9710.9,9745.1,9676.3,9721.6,100.8568888,BTC/USD,0.001266826650736963,9717.7244820994,9823.569460881019,0.0,-1.0,-1.0,0.001815448574119826,0.002861735079637533,1.0,0.0,1.0,9802.244999999997,86.32899418414397,9888.57399418414,9715.916005815854,0.0,0.0,0.0
2019-09-24 05:00:00+00:00,9721.6,9761.9,9717.1,9756.4,82.21592211,BTC/USD,0.003579657669519287,9737.0622410497,9819.071323025732,0.0,-1.0,-1.0,0.0023320528706446313,0.0029746942580410984,1.0,0.0,1.0,9792.709999999995,79.76995807025595,9872.479958070251,9712.94004192974,0.0,0.0,0.0
2019-09-24 06:00:00+00:00,9756.4,9776.0,9739.0,9739.0,58.05293013,BTC/USD,-0.0017834447132138997,9738.03112052485,9813.709186059008,0.0,-1.0,-1.0,0.002838802811903803,0.00289330158036926,1.0,0.0,1.0,9783.914999999997,75.15212834471912,9859.067128344715,9708.762871655279,0.0,0.0,0.0
2019-09-24 07:00:00+00:00,9739.0,9760.2,9718.1,9746.1,50.01142245,BTC/USD,0.0007290276209057645,9742.065560262425,9809.181601124006,0.0,-1.0,-1.0,0.002043584631882163,0.0028133299287759366,1.0,0.0,1.0,9775.709999999995,69.37489231858324,9845.084892318579,9706.335107681412,0.0,0.0,0.0
2019-09-24 08:00:00+00:00,9746.1,9752.7,9689.7,9716.6,103.7736569,BTC/USD,-0.003026851766347538,9729.332780131212,9802.981688257998,0.0,-1.0,-1.0,0.00255606537675166,0.0027951604998255474,1.0,0.0,1.0,9765.764999999996,62.16248890062662,9827.927488900623,9703.602511099369,0.0,0.0,0.0
2019-09-24 09:00:00+00:00,9716.6,9734.1,9676.6,9730.1,41.09184256,BTC/USD,0.0013893748842188636,9729.716390065605,9798.101019623613,0.0,-1.0,-1.0,0.0024474096435404455,0.002748257724939392,1.0,0.0,1.0,9757.424999999997,54.339971475930746,9811.764971475928,9703.085028524067,0.0,0.0,0.0
2019-09-24 10:00:00+00:00,9730.1,9732.1,9698.0,9723.5,106.0533012,BTC/USD,-0.0006783075199638944,9726.608195032803,9793.105212511115,0.0,-1.0,-1.0,0.0017859114559176652,0.002655064411414225,1.0,0.0,1.0,9748.479999999998,42.69642657308033,9791.176426573078,9705.783573426917,0.0,0.0,0.0
2019-09-24 11:00:00+00:00,9723.5,9758.4,9692.0,9712.8,84.49834664,BTC/USD,-0.0011004268010490481,9719.704097516402,9787.727412665245,0.0,-1.0,-1.0,0.0013506387903571367,0.0025690987914802304,1.0,0.0,1.0,9741.009999999997,33.920586824694894,9774.930586824692,9707.089413175301,0.0,0.0,0.0
2019-09-24 12:00:00+00:00,9712.8,9715.1,9650.0,9672.0,208.761694,BTC/USD,-0.004200642451198333,9695.8520487582,9779.977494041868,0.0,-1.0,-1.0,0.0023416229675419903,0.0026501811836748615,1.0,0.0,1.0,9734.969999999998,34.95264616148137,9769.922646161478,9700.017353838517,1.0,0.0,1.0
2019-09-24 13:00:00+00:00,9672.0,9672.1,9569.2,9616.8,478.65102199999995,BTC/USD,-0.005707196029776762,9656.326024379101,9769.049985417363,0.0,-1.0,-1.0,0.002589976251729937,0.0028492976406154706,1.0,0.0,1.0,9726.939999999997,42.35581610476267,9769.295816104759,9684.584183895235,1.0,0.0,1.0
2019-09-24 14:00:00+00:00,9616.8,9616.8,9500.0,9508.6,513.0547738,BTC/USD,-0.011251143831627841,9582.46301218955,9751.608429039681,0.0,-1.0,-1.0,0.0047573802606604276,0.003770927549467381,0.0,-1.0,-1.0,9711.449999999997,60.08542602876951,9771.535426028766,9651.364573971228,1.0,0.0,1.0
2019-09-24 15:00:00+00:00,9508.6,9579.2,9381.0,9500.0,796.6633820000001,BTC/USD,-0.000904444397703208,9541.231506094775,9734.75896524277,0.0,-1.0,-1.0,0.0053349217349578145,0.0036495507400121172,0.0,-1.0,-1.0,9696.619999999997,73.14618096305622,9769.766180963054,9623.47381903694,1.0,0.0,1.0
2019-09-24 16:00:00+00:00,9500.0,9568.0,9446.0,9474.5,223.01432709999997,BTC/USD,-0.0026842105263158444,9507.865753047387,9717.330200914736,0.0,-1.0,-1.0,0.00389768863195146,0.0035334529204114613,0.0,-1.0,-1.0,9682.169999999996,86.5554954320089,9768.725495432005,9595.614504567988,1.0,0.0,1.0
2019-09-24 17:00:00+00:00,9474.5,9500.0,9426.3,9469.4,227.027225,BTC/USD,-0.0005382869808433499,9488.632876523694,9700.727057051798,0.0,-1.0,-1.0,0.0032941755525562836,0.003428171757073105,1.0,0.0,1.0,9668.604999999996,97.47073771411317,9766.075737714109,9571.134262285883,1.0,0.0,1.0
2019-09-24 18:00:00+00:00,9469.4,9470.5,8627.0,8629.0,2078.084637,BTC/USD,-0.0887490231693665,9058.816438261847,9628.956702151976,0.0,-1.0,-1.0,0.05316670948834194,0.022388286961485836,0.0,-1.0,-1.0,9614.309999999996,251.33189819965116,9865.641898199647,9362.978101800345,1.0,0.0,1.0
2019-09-24 19:00:00+00:00,8628.9,8828.5,8046.0,8416.7,4539.392941,BTC/USD,-0.024603082628346207,8737.758219130923,9547.775497319404,0.0,-1.0,-1.0,0.039689215262583,0.022056824033237183,0.0,-1.0,-1.0,9550.799999999997,366.24098623721727,9917.040986237214,9184.55901376278,1.0,0.0,1.0
2019-09-24 20:00:00+00:00,8416.7,8670.0,8151.5,8592.3,2152.708786,BTC/USD,0.02086328370976731,8665.029109565461,9483.790161604042,0.0,-1.0,-1.0,0.0442440176955189,0.022592975959264554,0.0,-1.0,-1.0,9493.414999999997,420.87512746783176,9914.29012746783,9072.539872532165,1.0,0.0,1.0
2019-09-24 21:00:00+00:00,8592.3,8763.3,8510.1,8650.9,673.7098662000001,BTC/USD,0.006820059821002644,8657.964554782731,9428.013999102994,0.0,-1.0,-1.0,0.03241999787891545,0.022093099743957418,0.0,-1.0,-1.0,9439.959999999995,456.9304685098639,9896.890468509859,8983.029531490132,1.0,0.0,1.0
2019-09-24 22:00:00+00:00,8650.9,8770.0,8636.2,8690.9,518.8863371,BTC/USD,0.004623796368008026,8674.432277391366,9378.651679686725,0.0,-1.0,-1.0,0.023107884856936944,0.02150473684931038,0.0,-1.0,-1.0,9388.824999999995,481.2724295525161,9870.097429552512,8907.552570447479,1.0,0.0,1.0
2019-09-24 23:00:00+00:00,8690.9,8800.0,8459.8,8535.1,674.2041924,BTC/USD,-0.01792679699455746,8604.766138695682,9322.161547214004,0.0,-1.0,-1.0,0.020485700475926873,0.021026815271079413,1.0,0.0,1.0,9330.114999999996,510.832382927495,9840.94738292749,8819.282617072502,1.0,0.0,1.0
2019-09-25 00:00:00+00:00,8535.1,8739.0,8525.0,8701.7,371.83566119999995,BTC/USD,0.019519396374969356,8653.233069347842,9280.611093530637,0.0,-1.0,-1.0,0.022147041556859693,0.021320109243994034,0.0,-1.0,-1.0,9279.119999999997,520.5098640048345,9799.629864004832,8758.610135995163,1.0,0.0,1.0
2019-09-25 01:00:00+00:00,8701.7,8743.6,8660.5,8708.6,276.8754908,BTC/USD,0.0007929485043152162,8680.916534673921,9242.305221789129,0.0,-1.0,-1.0,0.015962478024928107,0.0206338916641511,1.0,0.0,1.0,9226.729999999998,522.6693874011874,9749.399387401185,8704.06061259881,0.0,0.0,0.0
2019-09-25 02:00:00+00:00,8708.6,8722.0,8555.0,8597.1,337.21096760000006,BTC/USD,-0.012803435684266118,8639.008267336962,9199.097758241081,0.0,-1.0,-1.0,0.014994965337135433,0.020058807978117075,1.0,0.0,1.0,9169.634999999998,526.1228136341682,9695.757813634167,8643.51218636583,1.0,0.0,1.0
2019-09-25 03:00:00+00:00,8597.1,8638.8,8566.5,8588.9,110.0976213,BTC/USD,-0.0009538100056997179,8613.954133668482,9158.23463980073,0.0,-1.0,-1.0,0.010854012449358847,0.019396679652447176,1.0,0.0,1.0,9111.774999999998,523.0117608368892,9634.786760836887,8588.763239163109,0.0,0.0,0.0
2019-09-25 04:00:00+00:00,8588.9,8605.9,8437.2,8520.0,407.2895526,BTC/USD,-0.008021981860308003,8566.97706683424,9115.493975275693,0.0,-1.0,-1.0,0.008303096942535896,0.01876019606911179,1.0,0.0,1.0,9051.944999999996,518.6052412861773,9570.550241286173,8533.339758713819,1.0,0.0,1.0
2019-09-25 05:00:00+00:00,8520.0,8534.7,8457.9,8505.5,177.0779677,BTC/USD,-0.0017018779342723445,8536.23853341712,9074.64450357091,0.0,-1.0,-1.0,0.006300598188124971,0.018135389789548317,1.0,0.0,1.0,8990.714999999997,506.4739929677075,9497.188992967704,8484.24100703229,0.0,0.0,0.0
2019-09-25 06:00:00+00:00,8505.5,8546.4,8460.6,8467.3,129.61750890000002,BTC/USD,-0.00449121156898491,8501.76926670856,9033.972459060202,0.0,-1.0,-1.0,0.004490878721368976,0.017517676009123597,1.0,0.0,1.0,8927.904999999995,488.3856160593877,9416.290616059383,8439.519383940607,0.0,0.0,0.0
2019-09-25 07:00:00+00:00,8467.3,8482.2,8311.0,8339.1,451.7288131,BTC/USD,-0.015140599718918568,8420.43463335428,8987.438929213478,0.0,-1.0,-1.0,0.0075084569945637475,0.01714233091914123,1.0,0.0,1.0,8859.219999999998,468.37728112463947,9327.597281124637,8390.842718875358,1.0,0.0,1.0
2019-09-25 08:00:00+00:00,8339.1,8392.8,8230.0,8261.0,470.24285679999997,BTC/USD,-0.009365519060809957,8340.717316677139,8938.791487292847,0.0,-1.0,-1.0,0.005310985615732999,0.016594427366788622,1.0,0.0,1.0,8788.669999999996,445.20120005043003,9233.871200050426,8343.468799949567,1.0,0.0,1.0
2019-09-25 09:00:00+00:00,8261.0,8414.6,8258.4,8401.3,289.97501580000005,BTC/USD,0.016983416051325362,8371.00865833857,8902.797290314413,0.0,-1.0,-1.0,0.016632161422499042,0.01700702663921339,1.0,0.0,1.0,8727.894999999997,407.57706855982264,9135.472068559819,8320.317931440175,0.0,0.0,0.0
2019-09-25 10:00:00+00:00,8401.3,8462.0,8375.1,8418.9,214.12846459999997,BTC/USD,0.002094913882375371,8394.954329169284,8870.392136378612,0.0,-1.0,-1.0,0.011804517361717972,0.01649744577140132,1.0,0.0,1.0,8673.409999999996,368.70096127096764,9042.110961270964,8304.709038729028,0.0,0.0,0.0
2019-09-25 11:00:00+00:00,8418.9,8439.0,8305.9,8338.7,225.52095740000001,BTC/USD,-0.00952618513107395,8366.827164584643,8834.786304581932,0.0,-1.0,-1.0,0.011305101777645953,0.01600997943509836,1.0,0.0,1.0,8615.344999999998,319.8862009413086,8935.231200941305,8295.45879905869,0.0,0.0,0.0
2019-09-25 12:00:00+00:00,8336.7,8363.9,8000.0,8305.7,1295.4248810000001,BTC/USD,-0.0039574514012975515,8336.263582292322,8799.354977545236,0.0,-1.0,-1.0,0.008004019630508827,0.015464637308916243,1.0,0.0,1.0,8556.904999999997,254.81102280344624,8811.716022803443,8302.093977196551,0.0,0.0,0.0
2019-09-25 13:00:00+00:00,8305.7,8442.5,8278.0,8388.2,459.18777170000004,BTC/USD,0.00993293762115166,8362.231791146161,8771.821158684279,0.0,-1.0,-1.0,0.010050176883986574,0.015345323329349453,1.0,0.0,1.0,8502.844999999998,139.73830230689595,8642.583302306894,8363.106697693102,0.0,0.0,0.0
2019-09-25 14:00:00+00:00,8392.0,8478.4,8375.0,8379.0,466.0408262,BTC/USD,-0.0010967788083260377,8370.61589557308,8745.515100826147,0.0,-1.0,-1.0,0.007567841556282712,0.014830100535861111,1.0,0.0,1.0,8490.344999999998,139.0392919665558,8629.384291966553,8351.305708033442,0.0,0.0,0.0
2019-09-25 15:00:00+00:00,8385.4,8430.0,8294.5,8294.5,259.4066694,BTC/USD,-0.010084735648645426,8332.55794778654,8715.311968752096,0.0,-1.0,-1.0,0.008656919097885693,0.014443484172131744,1.0,0.0,1.0,8484.234999999997,145.00301367116205,8629.238013671158,8339.231986328836,1.0,0.0,1.0
2019-09-25 16:00:00+00:00,8294.5,8373.6,8226.5,8323.8,467.84005920000004,BTC/USD,0.0035324612695157853,8328.17897389327,8689.093583427233,0.0,-1.0,-1.0,0.007863766791252842,0.014059728891312516,1.0,0.0,1.0,8470.809999999998,146.88848939186767,8617.698489391865,8323.92151060813,1.0,0.0,1.0
